49.8399
3210583 3210598
3210600 3210601
3210600 3210601
3210602 3210602
3210601 3210603
3210602 3210601
3210601 3210602
3210600 3210602
3210601 3210602
3210601 3210602
3210601 3210602
3210601 3210601
3210602 3210602
3210602 3210601
3210600 3210601
3210602 3210601
3210601 3210601
3210600 3210601
3210602 3210602
3210601 3210602
3210601 3210601
3210601 3210601
3210601 3210601
3210601 3210601
3210600 3210601
3210600 3210600
3210601 3210601
3210601 3210601
3210601 3210601
3210602 3210601
3210600 3210601
3210601 3210602
3210601 3210602
3210600 3210601
3210601 3210600
3210600 3210601
3210601 3210601
3210601 3210601
3210601 3210600
3210600 3210600
3210602 3210601
3210600 3210601
3210601 3210601
3210600 3210601
3210600 3210600
3210601 3210601
3210601 3210601
3210601 3210601
3210601 3210601
3210601 3210601
3210601 3210602
3210602 3210601
3210600 3210602
3210602 3210601
3210600 3210600
3210601 3210601
3210601 3210601
3210601 3210601
3210600 3210601
3210601 3210600
3210602 3210601
3210602 3210601
3210601 3210600
3210602 3210602
3210601 3210601
3210601 3210601
3210602 3210601
3210600 3210601
3210601 3210601
3210601 3210600
3210600 3210601
3210601 3210602
3210601 3210601
3210602 3210601
3210601 3210601
3210601 3210601
3210602 3210601
3210602 3210601
3210603 3210601
3210601 3210601
3210601 3210601
3210602 3210601
3210601 3210602
3210601 3210601
3210601 3210600
3210601 3210601
3210602 3210601
3210601 3210601
3210600 3210600
3210601 3210601
3210601 3210601
3210601 3210601
3210601 3210601
3210600 3210601
3210601 3210602
3210603 3210601
3210602 3210601
3210601 3210601
3210601 3210601
3210601 3210601
3210600 3210601
3210600 3210602
3210601 3210601
3210601 3210601
3210601 3210601
3210601 3210601
3210601 3210601
3210601 3210601
3210601 3210600
3210602 3210601
3210600 3210601
3210601 3210600
3210601 3210602
3210601 3210601
3210600 3210601
3210601 3210601
3210601 3210601
3210601 3210600
3210600 3210601
3210601 3210602
3210600 3210601
3210601 3210601
3210601 3210601
3210600 3210600
3210600 3210600
3210600 3210600
3210601 3210600
3210601 3210601
3210601 3210600
3210602 3210601
3210602 3210600
3210601 3210600
3210600 3210600
3210601 3210601
3210599 3210601
3210601 3210601
3210602 3210601
3210601 3210601
3210602 3210600
3210602 3210601
3210600 3210600
3210600 3210601
3210601 3210601
3210601 3210600
3210601 3210601
3210602 3210602
3210600 3210601
3210601 3210601
3210601 3210600
3210600 3210600
3210600 3210602
3210601 3210600
3210601 3210600
3210600 3210600
3210601 3210601
3210601 3210601
3210601 3210600
3210600 3210602
3210601 3210601
3210600 3210600
3210602 3210601
3210600 3210601
3210601 3210601
3210602 3210602
3210600 3210601
3210602 3210601
3210600 3210600
3210600 3210601
3210601 3210600
3210601 3210600
3210601 3210601
3210601 3210600
3210601 3210602
3210602 3210601
3210601 3210601
3210601 3210601
3210601 3210601
3210601 3210601
3210601 3210601
3210600 3210601
3210601 3210601
3210601 3210602
3210601 3210601
3210602 3210600
3210601 3210601
3210601 3210601
3210602 3210600
3210600 3210602
3210601 3210601
3210601 3210602
3210601 3210602
3210601 3210600
3210602 3210601
3210601 3210601
3210601 3210601
3210600 3210601
3210601 3210600
3210601 3210601
3210602 3210601
3210600 3210600
3210602 3208561
3208564 3208566
3208569 3208574
3208574 3208575
3208574 3208572
3208570 3208569
3208568 3208565
3208564 3208561
3208555 3208551
3208548 3208543
3208534 3208527
3208523 3208515
3208511 3208508
3208505 3208504
3208499 3208497
3208496 3208493
3208493 3208490
3208490 3208487
3208486 3208483
3208480 3208480
3208478 3208479
3208480 3208485
3208484 3208488
3208490 3208493
3208493 3208495
3208497 3208497
3208501 3208500
3208501 3208500
3208499 3208497
3208495 3208491
3208492 3208492
3208492 3208494
3208496 3208499
3208503 3208507
3208511 3208514
3208518 3208525
3208527 3208530
3208534 3208538
3208540 3208543
3208544 3208547
3208547 3208549
3208551 3208554
3208557 3208563
3208568 3208571
3208575 3208581
3208589 3208593
3208597 3208605
3208609 3208616
3208619 3208621
3208626 3208627
3208628 3208630
3208632 3208636
3208641 3208648
3208652 3208654
3208658 3208658
3208662 3208661
3208665 3208668
3208668 3208665
3208669 3208666
3208661 3208657
3208650 3208645
3208637 3208635
3208630 3208626
3208620 3208616
3208608 3208605
3208605 3208601
3208600 3208597
3208596 3208595
3208595 3208592
3208590 3208589
3208585 3208582
3208578 3208572
3208570 3208571
3208568 3208569
3208571 3208569
3208573 3208573
3208576 3208579
3208580 3208583
3208582 3208584
3208582 3208580
3208576 3208571
3208568 3208564
3208562 3208563
3208567 3208573
3208581 3208586
3208596 3208601
3208606 3208614
3208620 3208623
3208625 3208630
3208632 3208634
3208635 3208636
3208637 3208633
3208634 3208633
3208635 3208636
3208638 3208640
3208644 3208647
3208654 3208655
3208665 3208670
3208676 3208683
3208689 3208694
3208696 3200557
3200556 3200554
3200551 3200548
3200544 3200539
3200535 3200530
3200526 3200520
3200518 3200515
3200512 3200511
3200507 3200504
3200503 3200499
3200500 3200494
3200494 3200490
3200490 3200489
3200486 3200486
3200485 3200487
3200489 3200490
3200493 3200497
3200503 3200505
3200511 3200516
3200516 3200520
3200523 3200525
3200525 3200523
3200523 3200522
3200520 3200517
3200517 3200518
3200519 3200520
3200524 3200524
3200528 3200530
3200532 3200538
3200541 3200543
3200546 3200548
3200551 3200552
3200552 3200553
3200553 3200556
3200555 3200560
3200566 3200569
3200573 3200580
3200587 3200594
3200600 3200606
3200613 3200619
3200629 3200638
3200648 3200656
3200662 3200666
3200673 3200678
3200684 3200688
3200694 3200698
3200700 3200706
3200707 3200710
3200715 3200715
3200719 3200723
3200725 3200726
3200727 3200728
3200725 3200725
3200725 3200726
3200727 3200727
3200728 3200729
3200732 3200734
3200736 3200740
3200746 3200749
3200754 3200757
3200759 3200760
3200763 3200763
3200762 3200764
3200763 3200764
3200764 3200765
3200768 3200771
3200771 3200774
3200777 3200781
3200784 3200787
3200790 3200793
3200796 3200799
3200800 3200800
3200801 3200801
3200799 3200799
3200799 3200802
3200802 3200804
3200808 3200809
3200814 3200818
3200821 3200826
3200827 3200832
3200833 3200836
3200840 3200841
3200843 3200845
3200844 3200847
3200847 3200851
3200851 3200855
3200856 3200855
3200861 3200864
3200867 3200869
3200873 3200877
3200881 3200882
3200883 3200885
3200885 3200887
3200888 3200889
3200889 3200888
3200888 3200886
3200886 3200884
3200885 3200884
3200885 3200886
3200886 3200888
3200890 3193874
3193875 3193876
3193879 3193877
3193878 3193876
3193876 3193874
3193875 3193873
3193872 3193873
3193874 3193876
3193877 3193883
3193884 3193887
3193887 3193890
3193892 3193894
3193894 3193894
3193896 3193894
3193895 3193894
3193893 3193893
3193895 3193894
3193895 3193895
3193896 3193898
3193900 3193901
3193903 3193906
3193908 3193911
3193914 3193918
3193921 3193923
3193923 3193926
3193924 3193924
3193924 3193926
3193925 3193929
3193928 3193931
3193931 3193934
3193933 3193938
3193942 3193944
3193948 3193951
3193953 3193956
3193957 3193961
3193961 3193962
3193962 3193962
3193960 3193960
3193962 3193961
3193963 3193963
3193967 3193970
3193972 3193977
3193979 3193982
3193983 3193984
3193985 3193982
3193981 3193981
3193981 3193978
3193975 3193971
3193968 3193966
3193964 3193961
3193959 3193960
3193959 3193958
3193958 3193959
3193959 3193959
3193960 3193961
3193963 3193962
3193961 3193961
3193960 3193961
3193958 3193959
3193956 3193957
3193958 3193956
3193957 3193959
3193960 3193961
3193963 3193964
3193967 3193968
3193971 3193969
3193971 3193971
3193969 3193970
3193969 3193968
3193966 3193966
3193965 3193963
3193964 3193963
3193964 3193965
3193967 3193968
3193969 3193971
3193974 3193978
3193976 3193980
3193980 3193981
3193983 3193983
3193982 3193985
3193983 3193981
3193981 3193982
3193982 3193981
3193985 3193986
3193988 3193990
3193991 3193994
3193997 3193998
3193997 3193996
3193994 3193992
3193989 3193988
3193985 3193983
3193978 3193973
3193971 3193968
3193966 3193963
3193961 3193960
3193959 3193959
3193959 3193959
3193959 3193960
3193959 3193958
3193958 3193957
3193958 3193957
3193957 3193953
3193952 3193952
3193950 3193949
3193947 3193948
3193947 3193947
3193949 3193948
3193950 3193952
3193954 3193954
3193955 3193956
3193955 3193955
3193953 3193953
3193954 3193951
3193951 3193952
3193951 3193950
3193951 3193950
3193952 3193953
3193954 3193955
3193959 3193959
3193962 3193963
3193965 3193966
3193967 3193966
3193966 3193968
3193966 3193966
3193966 3193965
3193966 3193967
3193967 3193967
3193969 3193974
3193975 3193977
3193977 3193979
3193983 3193983
3193985 3193985
3193985 3193988
3193985 3193982
3193981 3193977
3193974 3193969
3193967 3193963
3193961 3193961
3193961 3193959
3193957 3193955
3193954 3193953
3193954 3193949
3193948 3193948
3193944 3193942
3193939 3193936
3193933 3193931
3193928 3193927
3193927 3193928
3193926 3193926
3193928 3193929
3193929 3193932
3193932 3193933
3193933 3193935
3193934 3193934
3193930 3193930
3193929 3193928
3193926 3193927
3193926 3193925
3193925 3193925
3193928 3193930
3193930 3193932
3193934 3193934
3193936 3193936
3193938 3193938
3193938 3193938
3193938 3193938
3193938 3193936
3193939 3193938
3193939 3193940
3193939 3193942
3193944 3193946
3193947 3193951
3193952 3193956
3193958 3193958
3193957 3193958
3193959 3193960
3193959 3193959
3193960 3193959
3193959 3193959
3193959 3193959
3193962 3193964
3193965 3193968
3193969 3193969
3193967 3193967
3193965 3193961
3193961 3193958
3193955 3193953
3193953 3193947
3193943 3193942
3193938 3193935
3193933 3193933
3193931 3193932
3193931 3193931
3193932 3193934
3193936 3193934
3193935 3193937
3193937 3193937
3193936 3193936
3193934 3193934
3193931 3193932
3193931 3193932
3193931 3193932
3193932 3193936
3193934 3193936
3193939 3193940
3193941 3193942
3193944 3193945
3193946 3193946
3193945 3193943
3193944 3193944
3193944 3193943
3193943 3193941
3193944 3193943
3193947 3193948
3193949 3193952
3193954 3193958
3193957 3193960
3193961 3193965
3193966 3193967
3193966 3193967
3193967 3193965
3193966 3193965
3193966 3193965
3193966 3193969
3193968 3193972
3193973 3193975
3193978 3193982
3193984 3193987
3193986 3193988
3193986 3193984
3193980 3193977
3193975 3193970
3193970 3193969
3193966 3193965
3193965 3193963
3193962 3193965
3193965 3193967
3193966 3193965
3193965 3193964
3193963 3193963
3193962 3193960
3193959 3193959
3193959 3193957
3193958 3193957
3193958 3193960
3193960 3193964
3193964 3193967
3193970 3193971
3193972 3193974
3193974 3193973
3193974 3193973
3193972 3193972
3193970 3193970
3193969 3193970
3193970 3193970
3193969 3193974
3193975 3193976
3193980 3193980
3193983 3193987
3193986 3193987
3193989 3193990
3193990 3193990
3193990 3193994
3193994 3193996
3193995 3193997
3193998 3194001
3194003 3194006
3194009 3194010
3194012 3194015
3194015 3194017
3194020 3194019
3194018 3194018
3194017 3194016
3194014 3194009
3194007 3194005
3194003 3194001
3194000 3194000
3194001 3194002
3194002 3194004
3194002 3194002
3194005 3194004
3194003 3194002
3194000 3194000
3193998 3193997
3193996 3193993
3193992 3193990
3193989 3193990
3193988 3193990
3193992 3193995
3193994 3193998
3193997 3194001
3194002 3194003
3194003 3194005
3194004 3194005
3194002 3194003
3194005 3194004
3194003 3194003
3194005 3194004
3194007 3194006
3194009 3194011
3194012 3194013
3194015 3194016
3194014 3194014
3194015 3194017
3194017 3194019
3194016 3194018
3194018 3194020
3194022 3194023
3194025 3194027
3194030 3194031
3194033 3194035
3194036 3194038
3194039 3194040
3194041 3194044
3194043 3194043
3194041 3194043
3194043 3194042
3194043 3194044
3194045 3194046
3194049 3194052
3194051 3194050
3194049 3194048
3194047 3194042
3194044 3194041
3194040 3194038
3194036 3194033
3194029 3194027
3194025 3194023
3194024 3194022
3194020 3194020
3194020 3194021
3194023 3194022
3194022 3194024
3194024 3194025
3194026 3194024
3194023 3194022
3194021 3194021
3194020 3194018
3194017 3194019
3194020 3194021
3194020 3194023
3194023 3194023
3194026 3194027
3194026 3194027
3194028 3194028
3194030 3194026
3194026 3194027
3194025 3194026
3194025 3194024
3194026 3194025
3194026 3194029
3194031 3194032
3194035 3194036
3194037 3194041
3194043 3194044
3194044 3194046
3194044 3194042
3194044 3194045
3194045 3194045
3194045 3194046
3194045 3194045
3194049 3194049
3194052 3194057
3194060 3194061
3194062 3194064
3194066 3194068
3194068 3194069
3194070 3194070
3194069 3194065
3194062 3194058
3194055 3194054
3194054 3194051
3194051 3194050
3194048 3194050
3194051 3194049
3194048 3194048
3194049 3194046
3194048 3194045
3194046 3194045
3194042 3194041
3194037 3194038
3194038 3194037
3194036 3194036
3194036 3194035
3194037 3194038
3194039 3194041
3194042 3194044
3194046 3194046
3194047 3194048
3194047 3194045
3194045 3194043
3194044 3194040
3194041 3194042
3194042 3194041
3194042 3194044
3194047 3194048
3194048 3194051
3194054 3194055
3194057 3194058
3194059 3194058
3194059 3194058
3194057 3194057
3194058 3194057
3194058 3194059
3194059 3194060
3194062 3194064
3194066 3194067
3194070 3194073
3194074 3194074
3194075 3194077
3194078 3194077
3194077 3194078
3194079 3194079
3194077 3194077
3194078 3194074
3194072 3194071
3194071 3194069
3194068 3194070
3194067 3194066
3194067 3194065
3194064 3194062
3194059 3194059
3194055 3194055
3194051 3194051
3194050 3194049
3194046 3194047
3194047 3194046
3194048 3194048
3194051 3194052
3194054 3194055
3194057 3194058
3194057 3194059
3194059 3194059
3194062 3194058
3194059 3194057
3194055 3194054
3194052 3194051
3194050 3194052
3194051 3194053
3194055 3194057
3194058 3194058
3194061 3194063
3194063 3194065
3194065 3194067
3194068 3194067
3194067 3194068
3194066 3194069
3194068 3194067
3194066 3194065
3194067 3194069
3194072 3194071
3194075 3194077
3194079 3194081
3194083 3194085
3194086 3194088
3194090 3194090
3194092 3194091
3194091 3194092
3194087 3194086
3194082 3194078
3194075 3194072
3194070 3194068
3194068 3194067
3194067 3194066
3194065 3194063
3194064 3194064
3194061 3194061
3194060 3194058
3194054 3194053
3194051 3194048
3194046 3194042
3194042 3194042
3194042 3194041
3194040 3194042
3194045 3194045
3194046 3194047
3194050 3194050
3194051 3194049
3194050 3194049
3194047 3194044
3194044 3194042
3194043 3194040
3194040 3194040
3194040 3194041
3194041 3194042
3194044 3194046
3194048 3194050
3194050 3194051
3194051 3194053
3194053 3194053
3194054 3194056
3194057 3194060
3194062 3194062
3194065 3194068
3194068 3194071
3194071 3194076
3194076 3194077
3194078 3194080
3194080 3194079
3194078 3194079
3194077 3194077
3194076 3194075
3194074 3194076
3194074 3194074
3194074 3194074
3194075 3194077
3194074 3194071
3194070 3194068
3194067 3194064
3194063 3194061
3194058 3194055
3194053 3194051
3194046 3194043
3194039 3194038
3194035 3194033
3194034 3194033
3194031 3194033
3194032 3194030
3194033 3194033
3194035 3194035
3194035 3194036
3194036 3194035
3194033 3194032
3194030 3194029
3194029 3194028
3194025 3194024
3194026 3194026
3194026 3194027
3194029 3194031
3194031 3194032
3194033 3194034
3194034 3194033
3194036 3194035
3194033 3194035
3194034 3194033
3194033 3194032
3194032 3194032
3194033 3194035
3194036 3194037
3194041 3194041
3194043 3194044
3194046 3194048
3194048 3194051
3194050 3194053
3194052 3194050
3194052 3194051
3194052 3194051
3194052 3194052
3194053 3194055
3194057 3194057
3194057 3194062
3194063 3194066
3194066 3194067
3194067 3194066
3194064 3194060
3194058 3194055
3194053 3194049
3194047 3194044
3194040 3194039
3194035 3194034
3194033 3194032
3194033 3194032
3194033 3194034
3194032 3194034
3194032 3194032
3194034 3194032
3194033 3194032
3194030 3194030
3194029 3194027
3194028 3194027
3194028 3194026
3194028 3194029
3194028 3194030
3194031 3194032
3194034 3194035
3194035 3194035
3194037 3194036
3194036 3194036
3194034 3194034
3194034 3194034
3194033 3194035
3194034 3194035
3194037 3194038
3194041 3194039
3194041 3194041
3194043 3194044
3194045 3194048
3194047 3194048
3194049 3194050
3194052 3194052
3194054 3194054
3194056 3194058
3194057 3194057
3194059 3194061
3194061 3194061
3194063 3194062
3194065 3194066
3194067 3194065
3194065 3194063
3194061 3194061
3194059 3194058
3194057 3194057
3194055 3194053
3194053 3194050
3194049 3194046
3194046 3194045
3194043 3194043
3194042 3194042
3194041 3194041
3194042 3194042
3194044 3194045
3194045 3194045
3194046 3194046
3194047 3194048
3194047 3194048
3194049 3194048
3194050 3194051
3194053 3194053
3194052 3194054
3194053 3194054
3194054 3194053
3194054 3194054
3194054 3194055
3194057 3194055
3194057 3194057
3194057 3194059
3194060 3194060
3194061 3194062
3194063 3194065
3194065 3194065
3194068 3194068
3194070 3194073
3194070 3194074
3194074 3194074
3194077 3194076
3194079 3194081
3194081 3194082
3194083 3194084
3194086 3194084
3194086 3194090
3194089 3194091
3194093 3194095
3194096 3194098
3194096 3194097
3194095 3194094
3194091 3194090
3194088 3194085
3194083 3194081
3194079 3194078
3194076 3194076
3194074 3194072
3194072 3194071
3194069 3194066
3194066 3194066
3194066 3194066
3194065 3194064
3194063 3194064
3194065 3194064
3194064 3194065
3194063 3194065
3194066 3194063
3194064 3194064
3194065 3194066
3194065 3194064
3194064 3194064
3194062 3194063
3194064 3194065
3194065 3194064
3194064 3194065
3194067 3194066
3194067 3194068
3194068 3194068
3194069 3194068
3194071 3194071
3194072 3194072
3194073 3194073
3194076 3194076
3194077 3194078
3194078 3194079
3194080 3194080
3194082 3194084
3194084 3194085
3194087 3194088
3194089 3194090
3194091 3194090
3194093 3194096
3194097 3194097
3194099 3194100
3194099 3194101
3194101 3194105
3194106 3194105
3194107 3194103
3194103 3194101
3194099 3194097
3194093 3194092
3194090 3194089
3194087 3194085
3194084 3194082
3194079 3194079
3194078 3194078
3194076 3194074
3194075 3194074
3194074 3194072
3194072 3194072
3194073 3194074
3194071 3194073
3194072 3194073
3194074 3194074
3194074 3194073
3194074 3194075
3194071 3194073
3194072 3194070
3194071 3194074
3194073 3194071
3194070 3194073
3194074 3194073
3194074 3194075
3194076 3194075
3194075 3194076
3194078 3194078
3194079 3194080
3194081 3194084
3194082 3194083
3194085 3194084
3194084 3194087
3194088 3194090
3194089 3194092
3194092 3194094
3194096 3194095
3194095 3194099
3194100 3194100
3194102 3194102
3194104 3194106
3194106 3194107
3194110 3194110
3194111 3194112
3194111 3194113
3194114 3194114
3194114 3194115
3194116 3194120
3194118 3194119
3194115 3194113
3194110 3194109
3194109 3194108
3194105 3194104
3194103 3194102
3194098 3194096
3194095 3194093
3194094 3194093
3194093 3194093
3194091 3194089
3194089 3194090
3194089 3194090
3194092 3194091
3194090 3194091
3194091 3194091
3194090 3194093
3194092 3194092
3194094 3194092
3194093 3194091
3194092 3194092
3194091 3194092
3194092 3194092
3194091 3194092
3194091 3194091
3194091 3194091
3194092 3194093
3194096 3194096
3194097 3194097
3194096 3194100
3194100 3194101
3194101 3194102
3194103 3194101
3194104 3194105
3194106 3194107
3194107 3194107
3194108 3194108
3194109 3194112
3194113 3194114
3194114 3194114
3194115 3194117
3194118 3194121
3194121 3194121
3194122 3194122
3194125 3194126
3194125 3194125
3194125 3194122
3194120 3194115
3194113 3194109
3194109 3194109
3194107 3194103
3194102 3194101
3194098 3194097
3194095 3194094
3194094 3194092
3194092 3194090
3194092 3194091
3194090 3194090
3194090 3194089
3194089 3194090
3194090 3194091
3194091 3194089
3194088 3194089
3194089 3194089
3194089 3194089
3194089 3194090
3194089 3194091
3194090 3194087
3194087 3194089
3194086 3194088
3194089 3194089
3194089 3194088
3194088 3194088
3194089 3194090
3194090 3194092
3194092 3194092
3194094 3194094
3194094 3194095
3194097 3194098
3194099 3194101
3194102 3194102
3194103 3194105
3194106 3194106
3194106 3194108
3194107 3194107
3194109 3194109
3194111 3194112
3194113 3194112
3194112 3194114
3194116 3194117
3194118 3194119
3194119 3194121
3194121 3194121
3194118 3194117
3194113 3194111
3194108 3194105
3194103 3194101
3194099 3194097
3194096 3194090
3194090 3194087
3194086 3194084
3194082 3194080
3194079 3194080
3194077 3194076
3194076 3194074
3194073 3194073
3194074 3194073
3194073 3194074
3194073 3194074
3194074 3194073
3194074 3194072
3194073 3194072
3194072 3194073
3194072 3194071
3194071 3194070
3194071 3194070
3194069 3194069
3194070 3194070
3194070 3194070
3194069 3194069
3194071 3194072
3194071 3194073
3194073 3194075
3194075 3194075
3194076 3194079
3194081 3194079
3194082 3194081
3194083 3194081
3194084 3194084
3194085 3194086
3194089 3194088
3194089 3194090
3194092 3194092
3194092 3194094
3194093 3194095
3194097 3194098
3194098 3194100
3194101 3194102
3194103 3194104
3194105 3194105
3194107 3194109
3194107 3194106
3194103 3194099
3194098 3194094
3194093 3194091
3194089 3194089
3194086 3194082
3194082 3194080
3194076 3194076
3194076 3194074
3194072 3194070
3194069 3194067
3194067 3194065
3194064 3194063
3194064 3194065
3194064 3194066
3194064 3194064
3194065 3194066
3194064 3194065
3194066 3194065
3194065 3194064
3194063 3194065
3194064 3194064
3194064 3194064
3194062 3194062
3194066 3194063
3194063 3194064
3194064 3194065
3194065 3194065
3194064 3194067
3194068 3194068
3194068 3194069
3194070 3194071
3194070 3194071
3194072 3194073
3194074 3194074
3194075 3194077
3194077 3194080
3194079 3194080
3194081 3194081
3194084 3194083
3194084 3194086
3194087 3194088
3194087 3194088
3194091 3194092
3194093 3194093
3194095 3194095
3194096 3194097
3194098 3194100
3194100 3194097
3194097 3194095
3194091 3194090
3194086 3194087
3194086 3194081
3194082 3194079
3194078 3194076
3194073 3194073
3194071 3194070
3194068 3194067
3194066 3194067
3194064 3194064
3194065 3194064
3194065 3194065
3194067 3194068
3194068 3194068
3194067 3194068
3194067 3194067
3194068 3194068
3194069 3194070
3194068 3194068
3194068 3194068
3194067 3194067
3194067 3194066
3194065 3194066
3194067 3194068
3194067 3194066
3194069 3194067
3194068 3194070
3194070 3194070
3194072 3194071
3194075 3194075
3194076 3194077
3194078 3194079
3194080 3194081
3194081 3194082
3194082 3194085
3194084 3194087
3194088 3194088
3194088 3194093
3194092 3194094
3194095 3194094
3194097 3194098
3194101 3194100
3194100 3194102
3194103 3194104
3194102 3194099
3194098 3194095
3194092 3194089
3194088 3194087
3194085 3194084
3194079 3194080
3194076 3194076
3194074 3194075
3194075 3194073
3194071 3194069
3194069 3194068
3194068 3194066
3194065 3194067
3194065 3194066
3194066 3194066
3194066 3194067
3194066 3194068
3194067 3194067
3194070 3194069
3194068 3194068
3194068 3194069
3194068 3194068
3194067 3194068
3194067 3194068
3194069 3194070
3194068 3194070
3194070 3194071
3194072 3194070
3194072 3194072
3194073 3194075
3194076 3194075
3194076 3194078
3194079 3194080
3194080 3194081
3194081 3194083
3194086 3194087
3194086 3194089
3194090 3194091
3194092 3194092
3194094 3194095
3194096 3194096
3194096 3194098
3194101 3194102
3194101 3194103
3194103 3194103
3194104 3194106
3194108 3194109
3194109 3194109
3194110 3194107
3194106 3194103
3194098 3194098
3194096 3194095
3194093 3194091
3194089 3194086
3194086 3194083
3194082 3194082
3194080 3194077
3194076 3194074
3194073 3194073
3194073 3194071
3194071 3194071
3194070 3194069
3194071 3194069
3194072 3194071
3194070 3194070
3194071 3194071
3194070 3194070
3194068 3194069
3194070 3194068
3194068 3194069
3194068 3194068
3194069 3194069
3194069 3194069
3194069 3194069
3194070 3194071
3194070 3194071
3194071 3194072
3194072 3194074
3194075 3194075
3194077 3194076
3194078 3194079
3194078 3194082
3194081 3194083
3194083 3194085
3194087 3194087
3194089 3194090
3194089 3194091
3194092 3194094
3194095 3194096
3194097 3194099
3194098 3194100
3194101 3194101
3194103 3194102
3194105 3194106
3194108 3194107
3194108 3194109
3194111 3194111
3194111 3194112
3194111 3194107
3194106 3194104
3194104 3194101
3194099 3194097
3194095 3194094
3194093 3194091
3194087 3194087
3194085 3194083
3194082 3194081
3194079 3194079
3194078 3194077
3194076 3194076
3194075 3194075
3194076 3194077
3194077 3194078
3194076 3194076
3194076 3194076
3194077 3194075
3194076 3194077
3194075 3194076
3194074 3194076
3194075 3194075
3194075 3194075
3194076 3194075
3194075 3194076
3194076 3194076
3194076 3194075
3194078 3194078
3194080 3194080
3194080 3194081
3194082 3194082
3194084 3194082
3194085 3194085
3194086 3194089
3194087 3194089
3194088 3194091
3194091 3194093
3194093 3194094
3194096 3194097
3194098 3194096
3194098 3194099
3194101 3194102
3194103 3194104
3194105 3194105
3194106 3194105
3194106 3194108
3194110 3194109
3194107 3194106
3194104 3194102
3194099 3194098
3194096 3194093
3194093 3194091
3194091 3194090
3194086 3194085
3194083 3194083
3194082 3194080
3194079 3194077
3194079 3194077
3194076 3194076
3194076 3194076
3194076 3194078
3194077 3194077
3194076 3194078
3194078 3194080
3194079 3194079
3194078 3194081
3194080 3194081
3194079 3194078
3194080 3194080
3194078 3194080
3194080 3194082
3194081 3194081
3194080 3194082
3194081 3194082
3194083 3194084
3194084 3194084
3194084 3194084
3194085 3194086
3194087 3194088
3194089 3194091
3194091 3194094
3194094 3194096
3194096 3194099
3194100 3194101
3194103 3194103
3194105 3194107
3194107 3194107
3194109 3194109
3194112 3194113
3194113 3194114
3194116 3194115
3194116 3194118
3194117 3194119
3194123 3194123
3194122 3194120
3194118 3194116
3194116 3194113
3194112 3194108
3194106 3194105
3194100 3194100
3194097 3194095
3194093 3194091
3194090 3194089
3194087 3194087
3194087 3194085
3194084 3194084
3194083 3194084
3194083 3194083
3194082 3194082
3194084 3194081
3194080 3194081
3194080 3194079
3194079 3194080
3194080 3194078
3194082 3194079
3194081 3194083
3194083 3194085
3194085 3194083
3194086 3194086
3194087 3194090
3194089 3194091
3194091 3194091
3194092 3194093
3194093 3194093
3194094 3194093
3194095 3194096
3194097 3194098
3194100 3194101
3194102 3194101
3194102 3194103
3194105 3194105
3194104 3194104
3194107 3194108
3194109 3194110
3194111 3194114
3194117 3194117
3194119 3194120
3194121 3194123
3194126 3194126
3194127 3194128
3194129 3194130
3194132 3194132
3194131 3194132
3194132 3194132
3194131 3194129
3194125 3194124
3194125 3194121
3194119 3194118
3194117 3194116
3194115 3194113
3194109 3194108
3194106 3194104
3194104 3194102
3194100 3194099
3194098 3194097
3194098 3194098
3194098 3194097
3194098 3194099
3194100 3194101
3194099 3194100
3194098 3194098
3194098 3194097
3194095 3194095
3194095 3194094
3194093 3194094
3194094 3194094
3194094 3194097
3194099 3194101
3194099 3194103
3194103 3194104
3194104 3194107
3194106 3194109
3194108 3194109
3194108 3194105
3194107 3194106
3194105 3194107
3194106 3194108
3194108 3194111
3194112 3194112
3194113 3194116
3194117 3194119
3194119 3194119
3194120 3194119
3194120 3194120
3194121 3194122
3194122 3194123
3194124 3194125
3194127 3194127
3194130 3194134
3194133 3194136
3194137 3194138
3194138 3194142
3194142 3194143
3194142 3194141
3194136 3194134
3194129 3194127
3194125 3194124
3194120 3194121
3194119 3194119
3194118 3194117
3194116 3194115
3194114 3194112
3194112 3194112
3194111 3194109
3194108 3194105
3194103 3194103
3194101 3194100
3194102 3194100
3194100 3194101
3194103 3194103
3194105 3194106
3194106 3194107
3194108 3194108
3194108 3194109
3194108 3194108
3194107 3194105
3194103 3194102
3194101 3194102
3194102 3194102
3194102 3194102
3194105 3194107
3194108 3194109
3194110 3194110
3194111 3194111
3194113 3194112
3194111 3194111
3194112 3194112
3194113 3194114
3194115 3194115
3194116 3194118
3194120 3194121
3194122 3194125
3194127 3194127
3194129 3194129
3194129 3194131
3194131 3194131
3194131 3194131
3194132 3194132
3194133 3194131
3194131 3194130
3194128 3194125
3194125 3194122
3194121 3194119
3194117 3194119
3194116 3194113
3194110 3194109
3194108 3194105
3194103 3194102
3194098 3194098
3194096 3194096
3194094 3194098
3194098 3194102
3194103 3194104
3194104 3194104
3194106 3194108
3194108 3194108
3194105 3194105
3194103 3194101
3194099 3194099
3194097 3194097
3194094 3194095
3194094 3194096
3194099 3194101
3194103 3194106
3194107 3194109
3194109 3194110
3194113 3194114
3194115 3194115
3194116 3194116
3194118 3194117
3194117 3194117
3194119 3194120
3194120 3194122
3194124 3194126
3194128 3194128
3194129 3194130
3194132 3194134
3194134 3194134
3194136 3194133
3194135 3194135
3194135 3194135
3194135 3194137
3194138 3194137
3194139 3194138
3194140 3194141
3194144 3194143
3194142 3194140
3194136 3194135
3194134 3194130
3194129 3194126
3194124 3194122
3194119 3194118
3194116 3194115
3194113 3194113
3194112 3194114
3194113 3194113
3194111 3194112
3194111 3194111
3194111 3194109
3194106 3194106
3194104 3194103
3194102 3194099
3194098 3194097
3194097 3194097
3194099 3194100
3194099 3194099
3194100 3194100
3194101 3194102
3194101 3194101
3194101 3194098
3194099 3194099
3194099 3194098
3194098 3194097
3194100 3194100
3194100 3194101
3194103 3194104
3194106 3194108
3194109 3194110
3194113 3194114
3194116 3194115
3194116 3194117
3194115 3194116
3194115 3194116
3194116 3194118
3194117 3194120
3194120 3194122
3194123 3194123
3194128 3194129
3194131 3194132
3194135 3194133
3194134 3194135
3194135 3194136
3194137 3194137
3194136 3194134
3194132 3194128
3194126 3194124
3194122 3194120
3194118 3194118
3194116 3194116
3194115 3194112
3194111 3194110
3194109 3194105
3194103 3194102
3194099 3194096
3194096 3194094
3194090 3194088
3194089 3194090
3194089 3194092
3194091 3194091
3194090 3194092
3194091 3194091
3194093 3194091
3194091 3194090
3194091 3194091
3194089 3194088
3194087 3194087
3194088 3194087
3194087 3194087
3194088 3194089
3194090 3194092
3194093 3194094
3194094 3194095
3194094 3194098
3194097 3194097
3194097 3194095
3194097 3194096
3194098 3194099
3194097 3194100
3194100 3194103
3194102 3194106
3194106 3194109
3194109 3194110
3194111 3194111
3194111 3194112
3194113 3194113
3194114 3194115
3194115 3194117
3194117 3194117
3194118 3194120
3194120 3194122
3194126 3194125
3194127 3194127
3194125 3194124
3194121 3194117
3194114 3194113
3194111 3194109
3194107 3194104
3194103 3194099
3194099 3194097
3194097 3194095
3194094 3194094
3194094 3194093
3194092 3194093
3194092 3194092
3194091 3194090
3194090 3194087
3194087 3194088
3194086 3194086
3194088 3194085
3194087 3194088
3194089 3194090
3194092 3194091
3194091 3194092
3194093 3194093
3194094 3194091
3194091 3194089
3194090 3194089
3194087 3194087
3194088 3194089
3194089 3194089
3194090 3194092
3194093 3194094
3194096 3194096
3194100 3194099
3194102 3194102
3194103 3194102
3194102 3194103
3194102 3194106
3194106 3194106
3194107 3194107
3194109 3194112
3194113 3194115
3194116 3194118
3194120 3194121
3194120 3194121
3194122 3194121
3194122 3194120
3194119 3194114
3194111 3194110
3194106 3194105
3194105 3194102
3194103 3194102
3194103 3194099
3194099 3194097
3194095 3194095
3194092 3194090
3194088 3194087
3194086 3194083
3194083 3194081
3194082 3194082
3194080 3194083
3194084 3194085
3194086 3194086
3194088 3194090
3194089 3194089
3194090 3194093
3194094 3194092
3194093 3194093
3194090 3194091
3194090 3194087
3194087 3194087
3194087 3194088
3194088 3194089
3194090 3194091
3194093 3194094
3194096 3194096
3194096 3194096
3194098 3194099
3194098 3194098
3194098 3194097
3194099 3194100
3194100 3194100
3194101 3194103
3194105 3194106
3194109 3194111
3194116 3194116
3194117 3194119
3194119 3194119
3194119 3194121
3194120 3194120
3194121 3194121
3194121 3194122
3194124 3194124
3194127 3194128
3194127 3194127
3194125 3194121
3194121 3194119
3194117 3194115
3194114 3194112
3194109 3194104
3194102 3194099
3194097 3194094
3194092 3194093
3194089 3194088
3194088 3194086
3194088 3194088
3194088 3194089
3194088 3194088
3194089 3194089
3194088 3194087
3194087 3194086
3194083 3194084
3194083 3194082
3194083 3194083
3194083 3194084
3194083 3194086
3194088 3194089
3194086 3194088
3194090 3194089
3194090 3194088
3194090 3194089
3194089 3194086
3194087 3194086
3194088 3194087
3194088 3194091
3194092 3194095
3194096 3194100
3194100 3194103
3194102 3194106
3194105 3194105
3194107 3194109
3194109 3194111
3194109 3194111
3194109 3194111
3194111 3194110
3194114 3194115
3194116 3194117
3194118 3194120
3194125 3194124
3194126 3194129
3194130 3194129
3194129 3194131
3194133 3194130
3194129 3194127
3194123 3194119
3194118 3194115
3194114 3194112
3194111 3194110
3194110 3194109
3194107 3194105
3194106 3194105
3194103 3194103
3194103 3194100
3194097 3194096
3194094 3194091
3194090 3194089
3194088 3194088
3194090 3194089
3194090 3194092
3194090 3194093
3194095 3194097
3194097 3194097
3194096 3194097
3194096 3194097
3194095 3194094
3194096 3194092
3194092 3194092
3194091 3194092
3194093 3194092
3194094 3194095
3194096 3194098
3194099 3194101
3194102 3194103
3194103 3194105
3194103 3194103
3194103 3194107
3194106 3194105
3194106 3194107
3194108 3194109
3194110 3194111
3194113 3194116
3194116 3194117
3194119 3194122
3194122 3194123
3194124 3194124
3194129 3194127
3194126 3194126
3194128 3194127
3194128 3194128
3194127 3194124
3194122 3194122
3194119 3194120
3194118 3194115
3194115 3194114
3194113 3194109
3194107 3194106
3194103 3194101
3194099 3194097
3194095 3194094
3194094 3194093
3194094 3194093
3194095 3194096
3194096 3194099
3194101 3194099
3194101 3194101
3194102 3194102
3194103 3194103
3194102 3194102
3194099 3194100
3194100 3194099
3194100 3194099
3194099 3194101
3194101 3194102
3194101 3194104
3194106 3194107
3194109 3194110
3194109 3194112
3194109 3194111
3194111 3194112
3194113 3194112
3194112 3194113
3194114 3194116
3194118 3194121
3194123 3194124
3194125 3194129
3194130 3194130
3194132 3194132
3194133 3194134
3194135 3194135
3194135 3194136
3194138 3194137
3194138 3194139
3194142 3194143
3194146 3194147
3194150 3194149
3194148 3194147
3194145 3194141
3194138 3194136
3194134 3194131
3194130 3194127
3194124 3194121
3194121 3194114
3194113 3194112
3194111 3194110
3194110 3194110
3194111 3194109
3194110 3194109
