49.8412
3210581 3210599
3210601 3210599
3210600 3210601
3210600 3210600
3210600 3210601
3210601 3210601
3210600 3210601
3210600 3210601
3210600 3210601
3210600 3210601
3210600 3210601
3210601 3210600
3210601 3210600
3210601 3210600
3210600 3210601
3210599 3210599
3210599 3210600
3210601 3210599
3210600 3210600
3210600 3210602
3210600 3210600
3210601 3210600
3210601 3210600
3210601 3210600
3210600 3210601
3210599 3210601
3210600 3210600
3210600 3210600
3210601 3210600
3210601 3210601
3210601 3210601
3210600 3210600
3210601 3210600
3210601 3210602
3210600 3210601
3210600 3210601
3210599 3210601
3210599 3210600
3210601 3210599
3210602 3210600
3210601 3210599
3210600 3210600
3210600 3210600
3210600 3210601
3210601 3210600
3210600 3210601
3210600 3210600
3210601 3210600
3210602 3210600
3210601 3210600
3210599 3210600
3210600 3210600
3210600 3210600
3210600 3210600
3210600 3210600
3210600 3210601
3210600 3210600
3210600 3210601
3210600 3210600
3210601 3210601
3210600 3210600
3210600 3210601
3210601 3210601
3210600 3210600
3210600 3210601
3210600 3210600
3210600 3210601
3210600 3210600
3210600 3210600
3210600 3210600
3210601 3210600
3210599 3210600
3210600 3210601
3210600 3210602
3210601 3210600
3210601 3210600
3210600 3210601
3210601 3210600
3210600 3210600
3210599 3210600
3210600 3210601
3210601 3210600
3210599 3210600
3210601 3210599
3210600 3210601
3210600 3210600
3210600 3210600
3210600 3210599
3210600 3210600
3210601 3210600
3210599 3210600
3210601 3210601
3210601 3210599
3210601 3210600
3210599 3210601
3210600 3210600
3210600 3210599
3210600 3210600
3210599 3210600
3210600 3210601
3210599 3210600
3210601 3210600
3210600 3210601
3210600 3210601
3210600 3210599
3210600 3210600
3210600 3210599
3210600 3210600
3210599 3210599
3210600 3210601
3210601 3210601
3210600 3210600
3210601 3210601
3210600 3210600
3210600 3210600
3210600 3210599
3210600 3210601
3210600 3210599
3210601 3210600
3210600 3210601
3210600 3210601
3210599 3210600
3210599 3210600
3210601 3210601
3210600 3210600
3210600 3210600
3210601 3210600
3210601 3210600
3210601 3210600
3210601 3210600
3210601 3210601
3210602 3210600
3210601 3210601
3210600 3210600
3210601 3210599
3210599 3210601
3210601 3210601
3210600 3210601
3210601 3210601
3210600 3210600
3210601 3210601
3210600 3210600
3210601 3210602
3210601 3210601
3210601 3210601
3210600 3210601
3210600 3210601
3210600 3210600
3210600 3210599
3210600 3210600
3210601 3210600
3210601 3210600
3210600 3210601
3210601 3210601
3210600 3210601
3210601 3210601
3210600 3210600
3210601 3210600
3210600 3210601
3210601 3210601
3210601 3210601
3210601 3210600
3210601 3210600
3210602 3210601
3210601 3210600
3210601 3210600
3210601 3210599
3210600 3210600
3210601 3210599
3210601 3210600
3210599 3210601
3210599 3210600
3210600 3210600
3210602 3210601
3210600 3210602
3210601 3210601
3210601 3210601
3210601 3210601
3210601 3210601
3210601 3210601
3210601 3210600
3210600 3210601
3210602 3210601
3210601 3210601
3210600 3210600
3210600 3210600
3210601 3210601
3210601 3210600
3210601 3210600
3210600 3210601
3210601 3210601
3210600 3210601
3210600 3210600
3210600 3210599
3210600 3210600
3210601 3210600
3210600 3210600
3210601 3210600
3210601 3210601
3210601 3210601
3210601 3210361
3210360 3210362
3210362 3210363
3210362 3210364
3210365 3210365
3210367 3210366
3210364 3210362
3210359 3210355
3210350 3210348
3210343 3210340
3210337 3210335
3210333 3210330
3210328 3210326
3210325 3210323
3210322 3210321
3210322 3210321
3210321 3210320
3210320 3210321
3210321 3210322
3210323 3210325
3210324 3210323
3210324 3210324
3210324 3210325
3210323 3210324
3210322 3210321
3210321 3210321
3210320 3210321
3210320 3210319
3210320 3210320
3210321 3210320
3210322 3210323
3210324 3210324
3210324 3210325
3210325 3210327
3210329 3210330
3210329 3210331
3210332 3210332
3210334 3210334
3210336 3210336
3210338 3210339
3210341 3210341
3210342 3210343
3210343 3210345
3210345 3210347
3210347 3210347
3210349 3210350
3210350 3210350
3210351 3210352
3210354 3210353
3210354 3210355
3210355 3210356
3210357 3210357
3210357 3210357
3210357 3210356
3210354 3210349
3210346 3210342
3210338 3210334
3210329 3210327
3210324 3210320
3210317 3210317
3210315 3210314
3210312 3210310
3210312 3210312
3210312 3210311
3210311 3210313
3210312 3210313
3210314 3210314
3210315 3210316
3210318 3210318
3210317 3210317
3210315 3210315
3210314 3210313
3210312 3210314
3210313 3210314
3210314 3210312
3210311 3210313
3210314 3210314
3210314 3210313
3210314 3210314
3210317 3210314
3210318 3210317
3210320 3210320
3210322 3210323
3210324 3210324
3210325 3210327
3210326 3210328
3210331 3210332
3210333 3210333
3210333 3210336
3210335 3210338
3210339 3210339
3210341 3210341
3210342 3210343
3210344 3210346
3210346 3210347
3210348 3210348
3210350 3210350
3210351 3210352
3210354 3210355
3210355 3210354
3210351 3202004
3201999 3201994
3201989 3201984
3201977 3201972
3201969 3201965
3201961 3201960
3201959 3201955
3201953 3201949
3201949 3201948
3201949 3201948
3201948 3201945
3201947 3201945
3201947 3201946
3201949 3201948
3201949 3201950
3201949 3201948
3201949 3201948
3201948 3201945
3201946 3201944
3201944 3201943
3201943 3201941
3201941 3201939
3201940 3201940
3201941 3201941
3201941 3201941
3201943 3201943
3201945 3201944
3201946 3201946
3201946 3201949
3201947 3201951
3201950 3201951
3201954 3201953
3201954 3201957
3201958 3201960
3201959 3201960
3201964 3201964
3201965 3201966
3201966 3201968
3201969 3201969
3201971 3201971
3201974 3201972
3201975 3201977
3201977 3201979
3201980 3201982
3201983 3201984
3201984 3201985
3201987 3201988
3201987 3201985
3201983 3201981
3201976 3201970
3201962 3201951
3201945 3201935
3201920 3201904
3201888 3201873
3201862 3201856
3201850 3201847
3201845 3201845
3201847 3201846
3201844 3201840
3201834 3201824
3201815 3201813
3201813 3201811
3201804 3201802
3201800 3201799
3201797 3201795
3201791 3201788
3201784 3201781
3201777 3201770
3201766 3201761
3201760 3201756
3201755 3201752
3201749 3201747
3201746 3201744
3201739 3201732
3201729 3201729
3201728 3201726
3201724 3201721
3201716 3201713
3201713 3201720
3201724 3201725
3201727 3201726
3201722 3201715
3201710 3201706
3201709 3201720
3201739 3201766
3201799 3201828
3201860 3201884
3201905 3201922
3201938 3201953
3201972 3201991
3202010 3202029
3202047 3202066
3202087 3202110
3202127 3202146
3202158 3202172
3202186 3202201
3202213 3202225
3202237 3202245
3202252 3202257
3202260 3202264
3202266 3195077
3195079 3195080
3195080 3195082
3195084 3195085
3195087 3195089
3195090 3195089
3195089 3195090
3195091 3195093
3195097 3195102
3195106 3195111
3195112 3195116
3195118 3195122
3195127 3195132
3195135 3195140
3195138 3195137
3195136 3195132
3195127 3195123
3195119 3195116
3195111 3195107
3195103 3195100
3195099 3195099
3195096 3195093
3195084 3195073
3195062 3195052
3195041 3195033
3195026 3195022
3195014 3195009
3195006 3195003
3195004 3195006
3195013 3195022
3195029 3195038
3195046 3195058
3195069 3195078
3195085 3195095
3195103 3195117
3195126 3195138
3195149 3195162
3195173 3195179
3195181 3195178
3195171 3195162
3195151 3195136
3195117 3195100
3195086 3195081
3195079 3195083
3195095 3195110
3195122 3195130
3195138 3195144
3195148 3195150
3195153 3195159
3195165 3195170
3195177 3195184
3195190 3195197
3195200 3195205
3195208 3195211
3195211 3195214
3195216 3195219
3195222 3195228
3195235 3195237
3195243 3195241
3195241 3195234
3195228 3195220
3195213 3195203
3195187 3195172
3195149 3195123
3195098 3195069
3195032 3194989
3194939 3194883
3194824 3194753
3194671 3194585
3194518 3194476
3194434 3194395
3194352 3194309
3194264 3194223
3194180 3194140
3194106 3194073
3194041 3194006
3193964 3193911
3193862 3193816
3193779 3193752
3193729 3193715
3193703 3193701
3193707 3193718
3193734 3193756
3193781 3193808
3193835 3193862
3193897 3193932
3193968 3194005
3194040 3194075
3194104 3194129
3194152 3194172
3194189 3194205
3194218 3194229
3194238 3194249
3194258 3194266
3194274 3194280
3194285 3194289
3194293 3194297
3194297 3194299
3194302 3194301
3194300 3194300
3194297 3194298
3194295 3194293
3194290 3194291
3194290 3194290
3194288 3194287
3194283 3194281
3194279 3194278
3194275 3194273
3194269 3194266
3194262 3194261
3194258 3194257
3194253 3194256
3194254 3194251
3194254 3194255
3194258 3194259
3194260 3194261
3194261 3194261
3194263 3194264
3194261 3194260
3194257 3194257
3194257 3194255
3194255 3194256
3194255 3194261
3194262 3194263
3194266 3194270
3194273 3194272
3194276 3194276
3194280 3194279
3194278 3194276
3194275 3194273
3194273 3194271
3194268 3194268
3194266 3194267
3194269 3194269
3194273 3194274
3194278 3194277
3194277 3194276
3194276 3194274
3194271 3194267
3194265 3194262
3194258 3194253
3194250 3194246
3194242 3194241
3194239 3194236
3194234 3194232
3194232 3194231
3194231 3194232
3194231 3194233
3194235 3194234
3194233 3194231
3194230 3194229
3194229 3194228
3194227 3194224
3194226 3194224
3194224 3194225
3194229 3194232
3194235 3194242
3194244 3194247
3194248 3194249
3194249 3194250
3194250 3194249
3194246 3194245
3194244 3194244
3194244 3194245
3194248 3194251
3194253 3194257
3194261 3194263
3194268 3194271
3194275 3194278
3194280 3194283
3194283 3194283
3194284 3194283
3194284 3194282
3194284 3194283
3194286 3194286
3194288 3194291
3194295 3194300
3194306 3194309
3194314 3194318
3194323 3194324
3194326 3194327
3194328 3194325
3194324 3194319
3194316 3194310
3194310 3194307
3194303 3194301
3194301 3194302
3194301 3194302
3194303 3194303
3194306 3194306
3194306 3194305
3194304 3194303
3194301 3194299
3194298 3194297
3194294 3194292
3194292 3194294
3194293 3194297
3194299 3194300
3194303 3194307
3194308 3194312
3194312 3194315
3194316 3194313
3194315 3194316
3194312 3194311
3194309 3194307
3194305 3194306
3194305 3194305
3194305 3194309
3194311 3194315
3194318 3194322
3194326 3194331
3194333 3194333
3194335 3194335
3194336 3194336
3194335 3194334
3194334 3194333
3194333 3194333
3194333 3194336
3194339 3194341
3194346 3194350
3194355 3194359
3194362 3194365
3194369 3194368
3194372 3194372
3194373 3194372
3194369 3194367
3194364 3194359
3194358 3194354
3194352 3194353
3194353 3194357
3194360 3194361
3194363 3194364
3194366 3194367
3194367 3194366
3194366 3194364
3194361 3194361
3194359 3194358
3194357 3194354
3194355 3194354
3194355 3194358
3194360 3194361
3194366 3194367
3194370 3194372
3194373 3194375
3194376 3194376
3194374 3194373
3194373 3194371
3194369 3194367
3194367 3194367
3194367 3194368
3194370 3194372
3194376 3194379
3194383 3194385
3194387 3194391
3194392 3194393
3194394 3194392
3194392 3194391
3194389 3194389
3194388 3194387
3194387 3194386
3194389 3194391
3194393 3194395
3194398 3194404
3194408 3194412
3194415 3194416
3194420 3194420
3194420 3194419
3194419 3194417
3194418 3194417
3194413 3194411
3194407 3194407
3194406 3194404
3194405 3194406
3194409 3194413
3194416 3194415
3194416 3194416
3194416 3194415
3194415 3194414
3194411 3194408
3194405 3194404
3194403 3194401
3194400 3194400
3194399 3194402
3194405 3194405
3194410 3194411
3194414 3194414
3194415 3194415
3194416 3194416
3194416 3194415
3194413 3194410
3194410 3194406
3194407 3194406
3194406 3194406
3194407 3194411
3194413 3194414
3194420 3194423
3194426 3194429
3194429 3194430
3194431 3194430
3194431 3194427
3194428 3194427
3194425 3194423
3194421 3194420
3194420 3194419
3194420 3194420
3194423 3194427
3194431 3194435
3194440 3194444
3194444 3194448
3194448 3194450
3194450 3194451
3194451 3194449
3194449 3194445
3194444 3194446
3194444 3194443
3194443 3194442
3194443 3194441
3194442 3194443
3194445 3194444
3194447 3194446
3194446 3194444
3194445 3194441
3194440 3194437
3194435 3194432
3194432 3194429
3194427 3194426
3194426 3194427
3194428 3194431
3194432 3194433
3194437 3194438
3194438 3194440
3194439 3194437
3194437 3194438
3194435 3194434
3194432 3194432
3194429 3194427
3194426 3194426
3194424 3194425
3194427 3194427
3194432 3194435
3194436 3194438
3194440 3194440
3194441 3194443
3194443 3194442
3194440 3194440
3194437 3194435
3194432 3194431
3194431 3194429
3194428 3194432
3194434 3194437
3194438 3194439
3194442 3194444
3194447 3194446
3194448 3194448
3194449 3194447
3194446 3194444
3194445 3194445
3194443 3194442
3194441 3194441
3194440 3194440
3194440 3194439
3194441 3194441
3194442 3194444
3194443 3194440
3194438 3194437
3194434 3194433
3194431 3194426
3194424 3194421
3194418 3194415
3194412 3194410
3194413 3194410
3194412 3194414
3194415 3194418
3194419 3194419
3194421 3194420
3194420 3194418
3194417 3194415
3194413 3194413
3194410 3194408
3194406 3194403
3194404 3194401
3194402 3194404
3194406 3194408
3194409 3194411
3194415 3194416
3194417 3194418
3194418 3194416
3194414 3194416
3194412 3194412
3194409 3194406
3194406 3194405
3194403 3194404
3194404 3194406
3194408 3194413
3194413 3194418
3194419 3194422
3194423 3194424
3194425 3194425
3194426 3194424
3194421 3194420
3194420 3194420
3194419 3194417
3194418 3194419
3194420 3194420
3194417 3194417
3194415 3194415
3194412 3194409
3194408 3194405
3194401 3194399
3194396 3194392
3194386 3194385
3194378 3194375
3194372 3194370
3194368 3194366
3194365 3194366
3194367 3194367
3194368 3194370
3194369 3194368
3194367 3194367
3194367 3194363
3194362 3194362
3194357 3194355
3194354 3194353
3194349 3194349
3194349 3194348
3194348 3194350
3194352 3194352
3194354 3194355
3194357 3194355
3194355 3194354
3194353 3194352
3194348 3194347
3194346 3194345
3194346 3194344
3194343 3194342
3194344 3194346
3194350 3194351
3194354 3194356
3194356 3194359
3194360 3194358
3194360 3194362
3194361 3194360
3194359 3194358
3194358 3194354
3194354 3194356
3194357 3194360
3194359 3194361
3194364 3194367
3194370 3194374
3194375 3194376
3194376 3194376
3194373 3194367
3194364 3194358
3194354 3194351
3194344 3194341
3194337 3194336
3194332 3194332
3194331 3194330
3194330 3194329
3194329 3194329
3194329 3194327
3194325 3194325
3194320 3194319
3194318 3194315
3194312 3194309
3194308 3194306
3194304 3194304
3194304 3194306
3194307 3194308
3194309 3194310
3194311 3194314
3194312 3194312
3194313 3194312
3194312 3194312
3194309 3194307
3194306 3194304
3194301 3194303
3194302 3194300
3194303 3194305
3194307 3194309
3194311 3194315
3194316 3194318
3194318 3194321
3194322 3194320
3194321 3194321
3194321 3194320
3194321 3194319
3194320 3194318
3194318 3194319
3194322 3194325
3194327 3194329
3194334 3194336
3194339 3194339
3194342 3194343
3194346 3194346
3194348 3194346
3194346 3194344
3194347 3194348
3194348 3194348
3194349 3194350
3194351 3194347
3194347 3194343
3194344 3194342
3194339 3194338
3194337 3194335
3194335 3194330
3194328 3194325
3194321 3194319
3194317 3194315
3194313 3194312
3194313 3194313
3194314 3194314
3194316 3194317
3194319 3194319
3194318 3194320
3194317 3194318
3194317 3194316
3194314 3194312
3194311 3194312
3194310 3194311
3194310 3194314
3194313 3194316
3194316 3194318
3194318 3194320
3194320 3194322
3194325 3194323
3194323 3194322
3194324 3194323
3194323 3194322
3194323 3194324
3194321 3194323
3194325 3194327
3194330 3194335
3194337 3194339
3194343 3194345
3194347 3194347
3194347 3194347
3194350 3194348
3194348 3194346
3194350 3194346
3194349 3194350
3194352 3194353
3194355 3194357
3194360 3194364
3194365 3194369
3194369 3194373
3194374 3194374
3194373 3194374
3194369 3194365
3194363 3194360
3194358 3194356
3194354 3194352
3194350 3194350
3194348 3194349
3194350 3194349
3194352 3194354
3194353 3194353
3194351 3194353
3194351 3194352
3194352 3194351
3194349 3194349
3194348 3194348
3194348 3194347
3194347 3194350
3194351 3194353
3194355 3194358
3194362 3194361
3194363 3194364
3194364 3194365
3194363 3194362
3194362 3194363
3194361 3194361
3194361 3194361
3194360 3194360
3194362 3194365
3194367 3194369
3194372 3194376
3194378 3194380
3194380 3194379
3194380 3194382
3194382 3194385
3194384 3194385
3194385 3194385
3194386 3194386
3194387 3194388
3194389 3194390
3194391 3194395
3194399 3194400
3194403 3194405
3194407 3194410
3194413 3194413
3194414 3194415
3194412 3194411
3194406 3194405
3194402 3194399
3194395 3194393
3194391 3194391
3194389 3194391
3194388 3194389
3194386 3194388
3194387 3194387
3194388 3194386
3194386 3194386
3194387 3194387
3194388 3194390
3194391 3194394
3194393 3194396
3194396 3194398
3194402 3194401
3194401 3194401
3194404 3194401
3194400 3194397
3194396 3194395
3194392 3194390
3194387 3194386
3194386 3194384
3194384 3194384
3194382 3194383
3194385 3194387
3194391 3194395
3194396 3194400
3194402 3194404
3194406 3194409
3194411 3194410
3194411 3194412
3194412 3194412
3194414 3194415
3194416 3194417
3194416 3194419
3194419 3194423
3194425 3194427
3194428 3194428
3194431 3194434
3194432 3194434
3194434 3194434
3194434 3194432
3194432 3194432
3194432 3194433
3194434 3194434
3194433 3194433
3194431 3194431
3194429 3194428
3194428 3194428
3194427 3194424
3194423 3194422
3194421 3194419
3194417 3194416
3194413 3194411
3194410 3194410
3194410 3194409
3194409 3194410
3194411 3194412
3194414 3194414
3194416 3194416
3194415 3194414
3194414 3194412
3194412 3194408
3194409 3194409
3194407 3194406
3194405 3194405
3194404 3194407
3194406 3194409
3194411 3194412
3194415 3194414
3194417 3194415
3194415 3194414
3194414 3194412
3194410 3194409
3194406 3194404
3194402 3194404
3194404 3194403
3194403 3194406
3194407 3194410
3194413 3194415
3194418 3194423
3194423 3194426
3194429 3194429
3194427 3194428
3194427 3194427
3194424 3194424
3194422 3194420
3194418 3194418
3194420 3194421
3194422 3194423
3194424 3194426
3194428 3194427
3194428 3194431
3194435 3194436
3194438 3194437
3194437 3194432
3194431 3194429
3194428 3194427
3194425 3194423
3194420 3194414
3194414 3194410
3194410 3194409
3194409 3194408
3194408 3194407
3194404 3194403
3194400 3194397
3194396 3194392
3194388 3194385
3194381 3194378
3194373 3194371
3194364 3194359
3194353 3194346
3194341 3194337
3194334 3194333
3194332 3194334
3194336 3194338
3194342 3194345
3194349 3194350
3194353 3194354
3194355 3194358
3194361 3194361
3194363 3194363
3194360 3194358
3194359 3194359
3194357 3194358
3194359 3194360
3194360 3194358
3194360 3194360
3194359 3194358
3194360 3194356
3194356 3194354
3194352 3194351
3194351 3194348
3194348 3194346
3194345 3194346
3194345 3194347
3194349 3194351
3194354 3194357
3194363 3194366
3194371 3194376
3194378 3194380
3194382 3194378
3194378 3194373
3194365 3194360
3194352 3194349
3194349 3194348
3194348 3194348
3194351 3194351
3194353 3194354
3194358 3194368
3194385 3194406
3194437 3194482
3194525 3194576
3194630 3194685
3194738 3194789
3194847 3194904
3194959 3195017
3195075 3195130
3195183 3195234
3195292 3195349
3195413 3195485
3195580 3195688
3195792 3195834
3195856 3195866
3195866 3195854
3195827 3195801
3195779 3195765
3195762 3195764
3195766 3195770
3195769 3195760
3195748 3195741
3195741 3195748
3195766 3195785
3195807 3195824
3195848 3195874
3195897 3195915
3195927 3195938
3195944 3195942
3195928 3195924
3195932 3195937
3195951 3195962
3195972 3195980
3195977 3195982
3196001 3196029
3196061 3196084
3196101 3196107
3196115 3196124
3196127 3196125
3196120 3196116
3196114 3196114
3196115 3196113
3196107 3196095
3196082 3196060
3196045 3196033
3196012 3195990
3195969 3195958
3195951 3195945
3195936 3195933
3195930 3195910
3195902 3195901
3195911 3195925
3195938 3195951
3195959 3195966
3195962 3195946
3195929 3195910
3195892 3195873
3195859 3195849
3195849 3195851
3195855 3195857
3195863 3195874
3195885 3195898
3195910 3195916
3195925 3195935
3195943 3195952
3195964 3195978
3195994 3196014
3196034 3196059
3196079 3196092
3196108 3196117
3196130 3196141
3196174 3196179
3196183 3196186
3196188 3196189
3196191 3196191
3196191 3196189
3196190 3196189
3196185 3196182
3196178 3196173
3196168 3196162
3196152 3196143
3196132 3196122
3196113 3196104
3196098 3196086
3196077 3196067
3196060 3196050
3196043 3196034
3196025 3196016
3196012 3196006
3196001 3195997
3195992 3195989
3195990 3195993
3195997 3196008
3196024 3196071
3196098 3196116
3196133 3196142
3196158 3196166
3196172 3196180
3196185 3196190
3196193 3196197
3196200 3196201
3196201 3196202
3196203 3196202
3196203 3196204
3196205 3196207
3196206 3196204
3196203 3196201
3196201 3196199
3196197 3196193
3196191 3196189
3196187 3196185
3196184 3196179
3196177 3196176
3196177 3196178
3196177 3196179
3196180 3196180
3196182 3196182
3196181 3196181
3196179 3196176
3196175 3196174
3196170 3196169
3196166 3196163
3196161 3196157
3196151 3196149
3196146 3196146
3196145 3196146
3196145 3196147
3196147 3196147
3196153 3196153
3196155 3196159
3196158 3196159
3196159 3196158
3196158 3196159
3196157 3196155
3196154 3196152
3196148 3196146
3196142 3196141
3196140 3196138
3196137 3196132
3196136 3196131
3196130 3196129
3196128 3196127
3196126 3196124
3196124 3196123
3196122 3196123
3196121 3196119
3196115 3196114
3196113 3196112
3196112 3196113
3196115 3196114
3196115 3196115
3196117 3196118
3196121 3196119
3196120 3196120
3196122 3196125
3196124 3196124
3196125 3196123
3196127 3196128
3196130 3196129
3196130 3196129
3196133 3196138
3196138 3196141
3196142 3196149
3196150 3196157
3196158 3196162
3196165 3196164
3196166 3196167
3196169 3196171
3196172 3196174
3196177 3196177
3196179 3196181
3196184 3196186
3196190 3196192
3196197 3196200
3196203 3196204
3196206 3196206
3196209 3196210
3196209 3196211
3196211 3196211
3196209 3196206
3196204 3196205
3196202 3196202
3196199 3196196
3196197 3196197
3196197 3196201
3196203 3196205
3196202 3196203
3196204 3196202
3196203 3196201
3196201 3196203
3196202 3196203
3196204 3196202
3196201 3196199
3196198 3196197
3196198 3196199
3196199 3196201
3196203 3196202
3196202 3196205
3196204 3196207
3196206 3196206
3196207 3196207
3196209 3196208
3196210 3196211
3196208 3196210
3196209 3196210
3196209 3196211
3196209 3196211
3196211 3196211
3196214 3196213
3196216 3196219
3196221 3196224
3196224 3196227
3196229 3196229
3196231 3196231
3196231 3196233
3196236 3196239
3196239 3196243
3196244 3196245
3196245 3196244
3196244 3196242
3196240 3196238
3196236 3196235
3196234 3196234
3196237 3196238
3196241 3196239
3196239 3196237
3196238 3196239
3196240 3196242
3196249 3196248
3196247 3196246
3196245 3196244
3196243 3196243
3196247 3196248
3196247 3196248
3196245 3196243
3196244 3196239
3196238 3196235
3196233 3196232
3196230 3196229
3196224 3196221
3196218 3196216
3196213 3196207
3196200 3196194
3196187 3196183
3196179 3196172
3196166 3196160
3196157 3196154
3196149 3196144
3196137 3196130
3196122 3196114
3196104 3196097
3196087 3196076
3196065 3196054
3196041 3196033
3196021 3196010
3195997 3195989
3195980 3195970
3195965 3195954
3195946 3195929
3195918 3195905
3195892 3195882
3195871 3195862
3195851 3195844
3195834 3195828
3195820 3195811
3195805 3195800
3195796 3195793
3195796 3195799
3195803 3195804
3195806 3195808
3195810 3195811
3195812 3195812
3195810 3195806
3195805 3195804
3195802 3195803
3195802 3195806
3195807 3195812
3195814 3195817
3195820 3195825
3195831 3195834
3195839 3195843
3195848 3195851
3195852 3195857
3195856 3195855
3195856 3195856
3195854 3195854
3195851 3195852
3195847 3195841
3195836 3195833
3195828 3195821
3195814 3195810
3195806 3195803
3195799 3195797
3195796 3195792
3195788 3195786
3195785 3195782
3195782 3195782
3195778 3195777
3195776 3195774
3195773 3195770
3195768 3195761
3195755 3195747
3195739 3195731
3195724 3195718
3195709 3195702
3195696 3195690
3195684 3195676
3195673 3195668
3195661 3195656
3195651 3195644
3195641 3195633
3195623 3195619
3195610 3195602
3195590 3195577
3195563 3195547
3195532 3195516
3195501 3195487
3195472 3195460
3195448 3195441
3195433 3195424
3195419 3195413
3195405 3195401
3195394 3195390
3195385 3195379
3195374 3195369
3195364 3195357
3195355 3195348
3195343 3195338
3195332 3195327
3195323 3195318
3195314 3195311
3195306 3195305
3195303 3195298
3195298 3195294
3195292 3195290
3195287 3195284
3195283 3195280
3195278 3195274
3195269 3195268
3195265 3195264
3195262 3195261
3195258 3195258
3195256 3195252
3195245 3195238
3195231 3195224
3195214 3195208
3195200 3195192
3195184 3195178
3195170 3195164
3195159 3195153
3195149 3195141
3195137 3195133
3195128 3195120
3195116 3195112
3195106 3195100
3195094 3195088
3195083 3195077
3195068 3195056
3195044 3195030
3195017 3195003
3194989 3194978
3194967 3194953
3194944 3194935
3194928 3194926
3194924 3194924
3194919 3194920
3194921 3194925
3194930 3194937
3194947 3194962
3194978 3194994
3195009 3195019
3195026 3195029
3195032 3195032
3195035 3195036
3195036 3195038
3195037 3195037
3195037 3195037
3195036 3195034
3195033 3195031
3195029 3195026
3195022 3195021
3195020 3195018
3195016 3195014
3195009 3195000
3194991 3194980
3194970 3194959
3194950 3194942
3194933 3194928
3194922 3194917
3194911 3194905
3194900 3194894
3194890 3194884
3194876 3194872
3194868 3194864
3194859 3194854
3194852 3194850
3194846 3194841
3194841 3194838
3194833 3194829
3194827 3194820
3194813 3194808
3194801 3194792
3194782 3194768
3194754 3194739
3194727 3194712
3194699 3194686
3194674 3194663
3194655 3194647
3194643 3194637
3194631 3194627
3194623 3194617
3194612 3194609
3194607 3194606
3194605 3194603
3194600 3194598
3194597 3194594
3194590 3194587
3194584 3194581
3194577 3194571
3194565 3194560
3194554 3194548
3194544 3194539
3194537 3194533
3194531 3194530
3194530 3194530
3194529 3194529
3194531 3194531
3194534 3194535
3194534 3194530
3194527 3194521
3194519 3194510
3194505 3194499
3194494 3194490
3194488 3194482
3194481 3194477
3194476 3194475
3194474 3194472
3194475 3194476
3194476 3194476
3194476 3194474
3194477 3194476
3194476 3194478
3194478 3194478
3194480 3194480
3194476 3194472
3194471 3194472
3194473 3194473
3194473 3194471
3194471 3194471
3194468 3194469
3194469 3194470
3194470 3194470
3194469 3194469
3194467 3194467
3194468 3194470
3194471 3194470
3194474 3194472
3194473 3194474
3194474 3194476
3194477 3194477
3194476 3194474
3194474 3194472
3194466 3194459
3194451 3194440
3194430 3194422
3194421 3194425
3194427 3194432
3194435 3194435
3194439 3194439
3194446 3194449
3194459 3194466
3194475 3194481
3194487 3194489
3194490 3194493
3194491 3194489
3194488 3194487
3194488 3194491
3194492 3194495
3194496 3194497
3194498 3194499
3194504 3194506
3194505 3194508
3194508 3194509
3194512 3194514
3194518 3194523
3194529 3194534
3194538 3194543
3194547 3194551
3194557 3194563
3194565 3194570
3194575 3194584
3194590 3194595
3194600 3194605
3194610 3194612
3194617 3194621
3194626 3194631
3194636 3194638
3194644 3194646
3194649 3194654
3194653 3194655
3194657 3194657
3194657 3194658
3194658 3194658
3194662 3194662
3194665 3194664
3194664 3194666
3194666 3194666
3194667 3194669
3194671 3194672
3194676 3194675
3194674 3194675
3194677 3194678
3194679 3194679
3194676 3194673
3194670 3194666
3194662 3194657
3194655 3194653
3194656 3194655
3194654 3194655
3194655 3194656
3194657 3194655
3194658 3194658
3194657 3194656
3194656 3194658
3194659 3194661
3194663 3194664
3194664 3194664
3194663 3194666
3194666 3194663
3194664 3194662
3194664 3194664
3194664 3194667
3194668 3194667
3194667 3194669
3194671 3194671
3194673 3194674
3194672 3194673
3194675 3194675
3194676 3194677
3194678 3194680
3194680 3194682
3194683 3194683
3194684 3194685
3194688 3194690
3194690 3194693
3194692 3194692
3194692 3194693
3194693 3194693
3194691 3194689
3194688 3194688
3194687 3194688
3194688 3194689
3194689 3194692
3194693 3194696
3194699 3194705
3194708 3194710
3194713 3194716
3194718 3194719
3194720 3194719
3194715 3194714
3194711 3194707
3194703 3194701
3194699 3194697
3194694 3194695
3194693 3194694
3194696 3194698
3194699 3194704
3194708 3194711
3194713 3194717
3194720 3194725
3194728 3194731
3194734 3194735
3194738 3194741
3194741 3194745
3194747 3194752
3194756 3194758
3194761 3194763
3194765 3194766
3194768 3194770
3194772 3194774
3194778 3194781
3194784 3194789
3194793 3194801
3194807 3194813
3194818 3194825
3194832 3194839
3194848 3194857
3194862 3194868
3194875 3194882
3194887 3194889
3194893 3194896
3194900 3194906
3194915 3194922
3194930 3194937
3194947 3194958
3194969 3194977
3194985 3194997
3195005 3195013
3195021 3195027
3195034 3195042
3195045 3195052
3195060 3195071
3195084 3195095
3195108 3195121
3195131 3195142
3195147 3195152
3195158 3195158
3195167 3195167
3195171 3195176
3195185 3195191
3195199 3195208
3195215 3195219
3195223 3195233
3195243 3195256
3195271 3195283
3195297 3195309
3195320 3195328
3195340 3195350
3195357 3195360
3195365 3195369
3195376 3195381
3195387 3195395
3195402 3195409
3195416 3195422
3195427 3195434
3195441 3195446
3195454 3195459
3195465 3195471
3195476 3195485
3195492 3195501
3195508 3195516
3195527 3195536
3195542 3195549
3195557 3195565
3195576 3195589
3195599 3195605
3195613 3195623
3195628 3195636
3195645 3195655
3195665 3195672
3195678 3195681
3195685 3195688
3195691 3195697
3195702 3195707
3195714 3195720
3195729 3195735
3195742 3195746
3195753 3195757
3195763 3195767
3195771 3195774
3195779 3195784
3195789 3195794
3195798 3195806
3195810 3195815
3195820 3195826
3195832 3195835
3195840 3195846
3195852 3195859
3195864 3195869
3195876 3195883
3195888 3195894
3195902 3195908
3195913 3195917
3195926 3195933
3195941 3195949
3195957 3195963
3195968 3195975
3195978 3195984
3195989 3195994
3195995 3196001
3196003 3196009
3196013 3196021
3196025 3196030
3196034 3196034
3196034 3196037
3196038 3196041
3196042 3196043
3196047 3196050
3196055 3196057
3196062 3196066
3196067 3196070
3196070 3196074
3196079 3196080
3196083 3196090
3196093 3196098
3196100 3196105
3196112 3196114
3196122 3196128
3196134 3196141
3196146 3196151
3196155 3196162
3196165 3196170
3196175 3196176
3196178 3196182
3196188 3196190
3196192 3196191
3196191 3196193
3196195 3196197
3196200 3196203
3196204 3196206
3196206 3196208
3196209 3196212
3196214 3196217
3196221 3196223
3196226 3196230
3196231 3196233
3196237 3196240
3196243 3196244
3196246 3196252
3196251 3196255
3196258 3196261
3196262 3196265
3196270 3196273
3196276 3196281
3196283 3196288
3196294 3196296
3196299 3196302
3196304 3196308
3196310 3196310
3196313 3196316
3196316 3196317
3196318 3196320
3196320 3196323
3196325 3196326
3196330 3196332
3196336 3196336
3196340 3196344
3196348 3196354
3196356 3196361
3196363 3196363
3196364 3196365
3196366 3196367
3196369 3196372
3196370 3196371
3196372 3196373
3196374 3196375
3196373 3196373
3196373 3196373
3196376 3196375
3196375 3196376
3196380 3196383
3196384 3196390
3196394 3196397
3196400 3196407
3196411 3196417
3196420 3196425
3196430 3196436
3196439 3196443
3196447 3196452
3196457 3196464
3196465 3196473
3196478 3196482
3196484 3196488
3196491 3196493
3196496 3196497
3196500 3196505
3196504 3196507
3196508 3196510
3196516 3196518
3196523 3196527
3196530 3196535
3196538 3196541
3196545 3196548
3196551 3196556
3196561 3196567
3196572 3196580
3196585 3196589
3196593 3196597
3196598 3196602
3196604 3196605
3196607 3196604
3196604 3196601
3196601 3196600
3196598 3196598
3196598 3196598
3196599 3196597
3196599 3196598
3196598 3196603
3196607 3196610
3196614 3196618
3196623 3196627
3196629 3196632
3196633 3196639
3196639 3196640
3196640 3196642
3196646 3196647
3196649 3196650
3196652 3196655
3196655 3196656
3196654 3196656
3196655 3196655
3196656 3196655
3196656 3196656
3196655 3196656
3196656 3196653
3196654 3196655
3196652 3196653
3196653 3196650
3196650 3196648
3196650 3196652
3196654 3196656
3196657 3196659
3196663 3196667
3196667 3196670
3196670 3196671
3196673 3196672
3196671 3196672
3196673 3196672
3196673 3196672
3196673 3196674
3196673 3196673
3196672 3196673
3196672 3196671
3196671 3196673
3196669 3196669
3196669 3196670
3196671 3196670
3196669 3196672
3196673 3196674
3196675 3196673
3196676 3196676
3196676 3196676
3196678 3196679
3196680 3196679
3196680 3196682
3196682 3196686
3196687 3196685
3196686 3196688
3196689 3196689
3196691 3196692
3196697 3196699
3196701 3196700
3196703 3196704
3196704 3196704
3196706 3196707
3196708 3196711
3196714 3196714
3196717 3196718
3196723 3196727
3196726 3196729
3196727 3196729
3196733 3196733
3196736 3196739
3196744 3196745
3196749 3196751
3196754 3196757
3196758 3196763
3196769 3196770
3196773 3196776
3196780 3196783
3196785 3196790
3196793 3196795
3196799 3196801
3196801 3196804
3196807 3196809
3196809 3196813
3196814 3196817
3196820 3196821
3196824 3196822
3196824 3196821
3196823 3196823
3196824 3196825
3196827 3196830
3196834 3196837
3196840 3196840
3196842 3196842
3196841 3196841
3196843 3196844
3196848 3196847
3196851 3196853
3196855 3196857
3196860 3196862
3196865 3196865
3196861 3196862
3196864 3196860
3196860 3196859
3196855 3196853
3196851 3196848
3196845 3196841
3196838 3196835
3196834 3196829
3196827 3196821
3196819 3196815
3196814 3196808
3196804 3196803
3196805 3196802
3196800 3196796
3196789 3196783
3196775 3196767
3196759 3196748
3196738 3196723
3196711 3196693
3196669 3196645
3196622 3196603
3196594 3196585
3196586 3196589
3196593 3196601
3196611 3196619
3196625 3196630
3196638 3196645
3196652 3196653
3196659 3196660
3196654 3196600
3196573 3196563
3196547 3196546
3196552 3196565
3196576 3196588
3196595 3196596
3196595 3196600
3196613 3196619
3196621 3196620
3196623 3196631
3196649 3196670
3196690 3196710
3196724 3196738
3196759 3196785
3196810 3196822
3196832 3196839
3196843 3196839
3196828 3196807
3196779 3196743
3196709 3196669
3196629 3196590
3196548 3196515
3196477 3196442
3196406 3196367
3196330 3196292
3196262 3196236
3196219 3196207
3196198 3196192
3196185 3196179
3196169 3196160
3196150 3196136
3196121 3196102
3196078 3196060
3196045 3196033
3196030 3196031
3196038 3196045
3196048 3196045
3196035 3196027
3196015 3196006
3196002 3196000
3196008 3196025
3196052 3196075
3196075 3196064
3196048 3196032
3196012 3195989
3195966 3195945
3195926 3195911
3195897 3195886
3195880 3195877
3195875 3195871
3195867 3195865
3195862 3195857
3195852 3195849
3195843 3195837
3195832 3195831
