49.8409
3203281 3203298
3203296 3203297
3203297 3203297
3203298 3203303
3203305 3203308
3203315 3203320
3203326 3203332
3203339 3203345
3203347 3203347
3203343 3203338
3203331 3203324
3203318 3203311
3203306 3203302
3203296 3203291
3203287 3203281
3203276 3203276
3203272 3203269
3203267 3203266
3203265 3203264
3203264 3203263
3203263 3203264
3203266 3203265
3203267 3203268
3203270 3203271
3203273 3203275
3203277 3203280
3203283 3203286
3203288 3203289
3203293 3203292
3203293 3203293
3203294 3203293
3203294 3203294
3203295 3203295
3203295 3203297
3203298 3203300
3203303 3203304
3203305 3203308
3203309 3203310
3203315 3203317
3203319 3203323
3203324 3203327
3203327 3203333
3203336 3203339
3203342 3203343
3203346 3203350
3203352 3203358
3203362 3203365
3203367 3203371
3203375 3203375
3203381 3203381
3203384 3203388
3203391 3203390
3203396 3203398
3203400 3203402
3203407 3203408
3203412 3203415
3203417 3203420
3203423 3203427
3203428 3203430
3203434 3203436
3203439 3203439
3203438 3203435
3203428 3203425
3203418 3203414
3203408 3203403
3203399 3203395
3203394 3203390
3203387 3203383
3203379 3203377
3203375 3203371
3203367 3203364
3203359 3203354
3203351 3203348
3203346 3203341
3203339 3203335
3203335 3203332
3203332 3203331
3203330 3203326
3203324 3203323
3203322 3203320
3203319 3203317
3203315 3203313
3203310 3203310
3203309 3203308
3203305 3203301
3203304 3203301
3203300 3203301
3203298 3203297
3203297 3203296
3203294 3203292
3203292 3203291
3203290 3203291
3203290 3203288
3203289 3203290
3203292 3203293
3203295 3203296
3203294 3203297
3203298 3203300
3203301 3203302
3203305 3203306
3203307 3195951
3195951 3195956
3195955 3195957
3195960 3195960
3195962 3195962
3195965 3195964
3195967 3195968
3195969 3195968
3195971 3195970
3195970 3195972
3195968 3195967
3195961 3195955
3195947 3195939
3195935 3195930
3195924 3195922
3195920 3195913
3195912 3195910
3195906 3195905
3195901 3195900
3195898 3195896
3195896 3195894
3195892 3195888
3195889 3195888
3195889 3195885
3195886 3195883
3195882 3195882
3195880 3195881
3195880 3195878
3195876 3195876
3195877 3195876
3195874 3195873
3195873 3195871
3195870 3195868
3195868 3195869
3195871 3195869
3195869 3195872
3195869 3195871
3195873 3195874
3195874 3195876
3195876 3195876
3195880 3195881
3195883 3195885
3195885 3195890
3195891 3195893
3195895 3195896
3195900 3195900
3195903 3195903
3195904 3195904
3195905 3195906
3195905 3195906
3195905 3195906
3195906 3195907
3195909 3195910
3195912 3195912
3195917 3195917
3195921 3195922
3195924 3195927
3195928 3195933
3195934 3195936
3195940 3195941
3195943 3195942
3195940 3195936
3195934 3195929
3195924 3195922
3195917 3195915
3195911 3195907
3195904 3195902
3195898 3195895
3195889 3195885
3195881 3195878
3195873 3195870
3195866 3195863
3195863 3195860
3195857 3195856
3195852 3195852
3195850 3195848
3195845 3195844
3195841 3195840
3195840 3195839
3195837 3195838
3195837 3195837
3195837 3195836
3195838 3195835
3195837 3195836
3195839 3195837
3195836 3195836
3195837 3195837
3195836 3195836
3195838 3195838
3195839 3195837
3195840 3195841
3195842 3195843
3195845 3195846
3195849 3195851
3195854 3195857
3195860 3195862
3195864 3195866
3195870 3195872
3195874 3195878
3195882 3195883
3195889 3195893
3195895 3195901
3195899 3195903
3195905 3195906
3195909 3195911
3195912 3195914
3195916 3195921
3195924 3195926
3195931 3195932
3195936 3195937
3195940 3195943
3195948 3195951
3195953 3195954
3195953 3195951
3195944 3195942
3195938 3195933
3195930 3195927
3195924 3195920
3195918 3195915
3195912 3195909
3195907 3195903
3195899 3195894
3195891 3195888
3195884 3195881
3195878 3195875
3195874 3195874
3195870 3195873
3195871 3195871
3195871 3195870
3195868 3195868
3195869 3195869
3195870 3195872
3195872 3195873
3195871 3195872
3195873 3195874
3195873 3195872
3195872 3195871
3195870 3195870
3195872 3195871
3195869 3195871
3195871 3195872
3195874 3195873
3195874 3195877
3195878 3195877
3195879 3195878
3195881 3195884
3195887 3195889
3195891 3195893
3195894 3195897
3195899 3195903
3195905 3195908
3195910 3195912
3195916 3195918
3195923 3195927
3195931 3195933
3195937 3195940
3195943 3195947
3195951 3195953
3195955 3195958
3195960 3195962
3195966 3195970
3195971 3195975
3195977 3195980
3195983 3195986
3195989 3195994
3195997 3195996
3195993 3195989
3195986 3195983
3195979 3195975
3195973 3195969
3195970 3195967
3195962 3195961
3195958 3195955
3195953 3195949
3195947 3195947
3195945 3195941
3195940 3195939
3195940 3195938
3195940 3195942
3195942 3195947
3195948 3195951
3195955 3195957
3195959 3195961
3195963 3195965
3195965 3195968
3195970 3195972
3195971 3195973
3195973 3195974
3195973 3195975
3195974 3195974
3195975 3195977
3195977 3195979
3195978 3195980
3195983 3195985
3195985 3195988
3195989 3195993
3195994 3195993
3195997 3195999
3196000 3196002
3196005 3196005
3196010 3196013
3196014 3196016
3196015 3196019
3196023 3196021
3196023 3196026
3196028 3196028
3196028 3196032
3196033 3196036
3196036 3196037
3196040 3196041
3196041 3196042
3196044 3196046
3196047 3196051
3196054 3196053
3196053 3196050
3196045 3196042
3196036 3196032
3196029 3196026
3196024 3196019
3196017 3196013
3196011 3196008
3196007 3196002
3195998 3195997
3195994 3195994
3195993 3195989
3195988 3195986
3195986 3195985
3195986 3195986
3195987 3195987
3195985 3195986
3195987 3195986
3195987 3195988
3195987 3195990
3195989 3195988
3195987 3195985
3195985 3195986
3195987 3195986
3195984 3195986
3195984 3195984
3195985 3195985
3195987 3195989
3195990 3195991
3195991 3195990
3195991 3195993
3195996 3195995
3195996 3195996
3195998 3195999
3196001 3196002
3196005 3196006
3196007 3196010
3196012 3196015
3196017 3196021
3196021 3196024
3196026 3196030
3196031 3196031
3196033 3196033
3196036 3196037
3196039 3196040
3196044 3196044
3196045 3196048
3196049 3196053
3196056 3196058
3196061 3196063
3196063 3196057
3196053 3196049
3196041 3196033
3196028 3196020
3196016 3196009
3196003 3195995
3195989 3195981
3195974 3195970
3195965 3195962
3195959 3195956
3195952 3195952
3195949 3195948
3195944 3195941
3195941 3195939
3195934 3195931
3195928 3195924
3195921 3195915
3195913 3195911
3195909 3195907
3195905 3195904
3195904 3195902
3195901 3195899
3195899 3195898
3195897 3195895
3195891 3195890
3195888 3195885
3195882 3195880
3195875 3195873
3195871 3195870
3195870 3195869
3195870 3195870
3195872 3195873
3195875 3195876
3195879 3195880
3195883 3195884
3195887 3195886
3195886 3195887
3195887 3195888
3195888 3195887
3195887 3195888
3195888 3195889
3195892 3195895
3195897 3195899
3195898 3195902
3195903 3195905
3195906 3195904
3195905 3195904
3195901 3195901
3195897 3195894
3195891 3195892
3195889 3195889
3195883 3195884
3195879 3195877
3195872 3195873
3195868 3195864
3195862 3195858
3195855 3195849
3195845 3195840
3195836 3195827
3195825 3195819
3195815 3195812
3195807 3195804
3195802 3195799
3195798 3195795
3195795 3195794
3195793 3195792
3195791 3195789
3195791 3195786
3195785 3195782
3195781 3195777
3195775 3195771
3195770 3195769
3195764 3195763
3195762 3195763
3195764 3195764
3195765 3195765
3195765 3195769
3195771 3195772
3195773 3195775
3195774 3195774
3195772 3195771
3195770 3195770
3195770 3195771
3195771 3195773
3195777 3195779
3195783 3195787
3195790 3195795
3195798 3195802
3195803 3195808
3195811 3195813
3195815 3195815
3195817 3195815
3195817 3195817
3195818 3195820
3195824 3195826
3195831 3195833
3195836 3195840
3195844 3195845
3195850 3195853
3195855 3195856
3195857 3195859
3195859 3195859
3195856 3195850
3195846 3195841
3195835 3195830
3195826 3195824
3195820 3195818
3195814 3195811
3195807 3195804
3195801 3195797
3195795 3195790
3195789 3195782
3195781 3195775
3195773 3195773
3195770 3195770
3195771 3195769
3195770 3195772
3195775 3195773
3195772 3195773
3195776 3195777
3195776 3195776
3195776 3195774
3195775 3195774
3195775 3195775
3195773 3195772
3195772 3195770
3195771 3195771
3195772 3195773
3195774 3195775
3195772 3195774
3195775 3195776
3195776 3195775
3195775 3195774
3195773 3195774
3195774 3195775
3195776 3195778
3195780 3195783
3195784 3195787
3195788 3195792
3195793 3195794
3195797 3195798
3195801 3195800
3195803 3195803
3195803 3195804
3195804 3195804
3195805 3195807
3195808 3195810
3195813 3195815
3195819 3195821
3195819 3195815
3195814 3195809
3195807 3195804
3195801 3195795
3195790 3195784
3195777 3195771
3195764 3195759
3195752 3195745
3195739 3195736
3195732 3195729
3195725 3195724
3195723 3195721
3195720 3195718
3195717 3195719
3195716 3195716
3195713 3195711
3195709 3195706
3195705 3195701
3195700 3195700
3195700 3195698
3195697 3195697
3195697 3195696
3195698 3195697
3195694 3195693
3195695 3195692
3195692 3195691
3195689 3195686
3195682 3195682
3195680 3195679
3195675 3195675
3195676 3195678
3195680 3195681
3195688 3195687
3195692 3195693
3195698 3195702
3195706 3195710
3195711 3195714
3195714 3195715
3195715 3195717
3195715 3195718
3195720 3195718
3195722 3195727
3195729 3195733
3195738 3195741
3195744 3195746
3195750 3195754
3195755 3195755
3195752 3195748
3195741 3195734
3195728 3195723
3195718 3195713
3195709 3195704
3195700 3195695
3195694 3195689
3195687 3195682
3195680 3195677
3195675 3195674
3195670 3195667
3195665 3195661
3195657 3195654
3195649 3195647
3195647 3195644
3195640 3195640
3195639 3195642
3195643 3195643
3195648 3195649
3195651 3195653
3195655 3195655
3195655 3195654
3195652 3195653
3195650 3195647
3195644 3195643
3195642 3195641
3195641 3195641
3195642 3195646
3195646 3195649
3195653 3195653
3195657 3195660
3195660 3195662
3195661 3195666
3195665 3195665
3195667 3195664
3195663 3195664
3195663 3195664
3195669 3195671
3195674 3195679
3195682 3195686
3195692 3195696
3195698 3195703
3195707 3195711
3195714 3195718
3195719 3195718
3195720 3195720
3195723 3195724
3195726 3195728
3195730 3195728
3195724 3195720
3195717 3195715
3195710 3195707
3195705 3195705
3195701 3195699
3195696 3195693
3195690 3195683
3195677 3195672
3195667 3195663
3195659 3195656
3195652 3195650
3195647 3195648
3195648 3195647
3195647 3195649
3195649 3195649
3195650 3195650
3195647 3195646
3195647 3195647
3195646 3195644
3195644 3195642
3195638 3195640
3195642 3195642
3195642 3195643
3195644 3195646
3195647 3195648
3195651 3195655
3195656 3195659
3195659 3195661
3195664 3195662
3195661 3195661
3195659 3195660
3195661 3195661
3195665 3195666
3195668 3195671
3195675 3195678
3195681 3195687
3195690 3195694
3195699 3195703
3195707 3195707
3195709 3195712
3195712 3195713
3195716 3195717
3195719 3195722
3195724 3195727
3195731 3195733
3195736 3195740
3195744 3195746
3195749 3195750
3195750 3195747
3195744 3195738
3195732 3195729
3195722 3195719
3195716 3195712
3195708 3195704
3195698 3195697
3195694 3195694
3195690 3195686
3195687 3195685
3195685 3195683
3195682 3195681
3195679 3195677
3195675 3195672
3195669 3195665
3195663 3195660
3195659 3195661
3195659 3195664
3195665 3195666
3195668 3195672
3195674 3195675
3195676 3195675
3195676 3195677
3195676 3195674
3195671 3195671
3195668 3195667
3195665 3195665
3195665 3195663
3195664 3195666
3195667 3195668
3195670 3195670
3195672 3195676
3195679 3195682
3195686 3195689
3195691 3195695
3195699 3195700
3195704 3195706
3195707 3195708
3195709 3195708
3195709 3195711
3195712 3195712
3195715 3195716
3195716 3195718
3195718 3195719
3195721 3195725
3195725 3195723
3195722 3195718
3195714 3195710
3195707 3195704
3195701 3195697
3195694 3195692
3195687 3195680
3195678 3195675
3195669 3195664
3195660 3195657
3195654 3195649
3195647 3195644
3195642 3195640
3195638 3195637
3195637 3195635
3195639 3195638
3195638 3195640
3195640 3195639
3195639 3195641
3195639 3195641
3195643 3195639
3195639 3195638
3195638 3195635
3195636 3195635
3195633 3195633
3195631 3195632
3195629 3195631
3195629 3195628
3195626 3195626
3195628 3195628
3195626 3195628
3195629 3195630
3195631 3195632
3195633 3195632
3195636 3195641
3195641 3195644
3195645 3195649
3195648 3195652
3195651 3195654
3195654 3195657
3195658 3195659
3195661 3195661
3195662 3195663
3195667 3195668
3195669 3195671
3195671 3195670
3195668 3195666
3195659 3195654
3195649 3195640
3195636 3195631
3195628 3195623
3195620 3195615
3195610 3195608
3195602 3195600
3195596 3195592
3195590 3195587
3195584 3195582
3195580 3195575
3195573 3195574
3195571 3195570
3195573 3195570
3195570 3195570
3195569 3195569
3195567 3195566
3195566 3195567
3195568 3195566
3195566 3195565
3195565 3195566
3195567 3195564
3195566 3195566
3195567 3195568
3195569 3195568
3195571 3195575
3195574 3195573
3195574 3195578
3195577 3195580
3195580 3195582
3195581 3195584
3195586 3195587
3195590 3195591
3195593 3195594
3195595 3195599
3195599 3195601
3195605 3195606
3195609 3195609
3195610 3195614
3195616 3195619
3195619 3195621
3195623 3195625
3195628 3195630
3195632 3195633
3195635 3195637
3195638 3195641
3195642 3195644
3195645 3195645
3195643 3195639
3195636 3195629
3195623 3195619
3195612 3195608
3195606 3195603
3195598 3195594
3195591 3195586
3195583 3195579
3195578 3195576
3195574 3195572
3195568 3195567
3195566 3195563
3195562 3195560
3195557 3195558
3195558 3195560
3195558 3195560
3195559 3195561
3195561 3195561
3195562 3195562
3195563 3195564
3195562 3195564
3195564 3195564
3195564 3195566
3195565 3195565
3195567 3195567
3195570 3195569
3195572 3195572
3195576 3195574
3195578 3195580
3195581 3195582
3195583 3195583
3195587 3195591
3195594 3195595
3195596 3195598
3195602 3195602
3195605 3195608
3195609 3195611
3195612 3195615
3195616 3195617
3195618 3195621
3195622 3195626
3195628 3195628
3195628 3195631
3195634 3195635
3195636 3195638
3195640 3195640
3195642 3195644
3195646 3195645
3195648 3195648
3195648 3195649
3195648 3195646
3195639 3195634
3195627 3195622
3195616 3195612
3195608 3195604
3195600 3195598
3195593 3195590
3195586 3195584
3195582 3195581
3195579 3195577
3195574 3195572
3195573 3195571
3195573 3195572
3195572 3195574
3195576 3195574
3195574 3195576
3195575 3195577
3195578 3195579
3195579 3195580
3195581 3195580
3195582 3195581
3195582 3195581
3195581 3195582
3195582 3195584
3195586 3195584
3195585 3195586
3195587 3195588
3195590 3195593
3195593 3195597
3195599 3195601
3195604 3195604
3195606 3195608
3195610 3195611
3195615 3195617
3195619 3195621
3195623 3195623
3195625 3195628
3195628 3195631
3195631 3195632
3195634 3195635
3195637 3195640
3195643 3195644
3195646 3195647
3195648 3195649
3195652 3195655
3195655 3195655
3195659 3195659
3195661 3195661
3195661 3195660
3195658 3195657
3195657 3195655
3195655 3195657
3195660 3195662
3195663 3195664
3195668 3195668
3195669 3195670
3195672 3195672
3195674 3195678
3195680 3195686
3195692 3195701
3195708 3195716
3195724 3195732
3195743 3195748
3195747 3195742
3195735 3195725
3195713 3195705
3195698 3195692
3195687 3195688
3195686 3195687
3195687 3195692
3195698 3195706
3195713 3195716
3195718 3195715
3195716 3195716
3195716 3195717
3195717 3195716
3195719 3195721
3195723 3195726
3195728 3195730
3195735 3195737
3195740 3195745
3195747 3195751
3195753 3195759
3195762 3195765
3195770 3195773
3195776 3195781
3195783 3195784
3195792 3195795
3195798 3195803
3195806 3195810
3195812 3195818
3195819 3195824
3195826 3195831
3195833 3195837
3195840 3195842
3195844 3195843
3195841 3195837
3195834 3195831
3195829 3195828
3195825 3195826
3195821 3195823
3195820 3195822
3195819 3195818
3195817 3195818
3195821 3195819
3195817 3195818
3195820 3195820
3195822 3195823
3195823 3195824
3195828 3195828
3195833 3195833
3195834 3195836
3195835 3195837
3195839 3195840
3195841 3195844
3195844 3195845
3195845 3195847
3195848 3195849
3195849 3195849
3195852 3195853
3195856 3195855
3195859 3195861
3195861 3195863
3195864 3195867
3195871 3195871
3195873 3195875
3195878 3195880
3195882 3195886
3195887 3195888
3195891 3195892
3195896 3195897
3195899 3195902
3195902 3195907
3195905 3195908
3195911 3195913
3195914 3195917
3195920 3195919
3195922 3195925
3195927 3195931
3195930 3195935
3195936 3195938
3195940 3195943
3195944 3195946
3195948 3195950
3195952 3195953
3195953 3195951
3195946 3195943
3195938 3195934
3195933 3195930
3195928 3195926
3195924 3195921
3195920 3195918
3195915 3195912
3195909 3195912
3195911 3195909
3195910 3195909
3195906 3195906
3195906 3195906
3195908 3195905
3195907 3195907
3195906 3195907
3195908 3195908
3195911 3195908
3195908 3195910
3195911 3195909
3195909 3195910
3195912 3195911
3195911 3195912
3195911 3195910
3195910 3195910
3195913 3195912
3195912 3195913
3195913 3195914
3195913 3195914
3195916 3195916
3195918 3195919
3195921 3195921
3195922 3195924
3195926 3195927
3195930 3195932
3195932 3195934
3195936 3195937
3195938 3195941
3195941 3195942
3195944 3195945
3195946 3195949
3195949 3195951
3195953 3195952
3195955 3195957
3195957 3195958
3195962 3195961
3195964 3195964
3195965 3195966
3195969 3195971
3195973 3195973
3195974 3195972
3195970 3195968
3195960 3195958
3195952 3195948
3195949 3195944
3195942 3195940
3195936 3195934
3195930 3195928
3195925 3195923
3195921 3195921
3195919 3195918
3195916 3195916
3195915 3195914
3195912 3195914
3195913 3195914
3195915 3195913
3195913 3195912
3195913 3195911
3195912 3195914
3195912 3195913
3195911 3195912
3195912 3195909
3195908 3195907
3195906 3195905
3195907 3195906
3195906 3195905
3195903 3195905
3195906 3195908
3195908 3195907
3195907 3195909
3195910 3195911
3195911 3195913
3195915 3195916
3195916 3195915
3195919 3195921
3195921 3195924
3195925 3195925
3195928 3195929
3195928 3195930
3195931 3195933
3195934 3195934
3195934 3195937
3195938 3195940
3195940 3195942
3195941 3195942
3195945 3195944
3195946 3195950
3195950 3195946
3195947 3195942
3195940 3195935
3195929 3195926
3195921 3195918
3195913 3195907
3195904 3195900
3195896 3195893
3195888 3195885
3195880 3195877
3195873 3195871
3195869 3195867
3195866 3195864
3195863 3195862
3195861 3195861
3195859 3195859
3195860 3195859
3195856 3195855
3195856 3195854
3195854 3195853
3195852 3195850
3195851 3195848
3195848 3195845
3195845 3195845
3195842 3195844
3195842 3195841
3195842 3195841
3195840 3195842
3195841 3195843
3195842 3195844
3195842 3195844
3195844 3195848
3195846 3195847
3195846 3195849
3195850 3195850
3195851 3195852
3195854 3195855
3195856 3195857
3195860 3195862
3195863 3195863
3195865 3195866
3195869 3195872
3195872 3195876
3195876 3195878
3195880 3195884
3195884 3195888
3195888 3195889
3195886 3195881
3195875 3195871
3195865 3195859
3195854 3195848
3195844 3195839
3195833 3195828
3195824 3195819
3195813 3195810
3195805 3195801
3195797 3195791
3195788 3195785
3195781 3195779
3195776 3195776
3195772 3195771
3195771 3195770
3195769 3195769
3195767 3195766
3195768 3195767
3195767 3195764
3195763 3195764
3195761 3195760
3195759 3195759
3195758 3195756
3195754 3195752
3195753 3195751
3195748 3195750
3195748 3195747
3195747 3195748
3195746 3195749
3195748 3195750
3195750 3195752
3195753 3195754
3195755 3195757
3195761 3195762
3195763 3195766
3195768 3195770
3195773 3195773
3195776 3195778
3195781 3195781
3195783 3195786
3195788 3195788
3195789 3195793
3195794 3195795
3195797 3195800
3195800 3195802
3195808 3195808
3195808 3195810
3195808 3195806
3195799 3195795
3195788 3195783
3195777 3195771
3195765 3195761
3195756 3195748
3195744 3195741
3195733 3195730
3195724 3195719
3195714 3195710
3195704 3195703
3195702 3195696
3195693 3195692
3195689 3195689
3195689 3195685
3195685 3195682
3195681 3195678
3195678 3195678
3195679 3195678
3195677 3195676
3195676 3195674
3195672 3195671
3195668 3195668
3195664 3195666
3195666 3195662
3195660 3195662
3195660 3195660
3195661 3195663
3195661 3195662
3195664 3195664
3195665 3195666
3195669 3195669
3195670 3195670
3195672 3195672
3195676 3195677
3195678 3195680
3195682 3195685
3195687 3195687
3195690 3195692
3195694 3195696
3195698 3195702
3195704 3195708
3195712 3195715
3195715 3195718
3195720 3195724
3195725 3195726
3195728 3195732
3195732 3195735
3195736 3195734
3195730 3195723
3195718 3195712
3195706 3195702
3195697 3195691
3195688 3195683
3195680 3195671
3195668 3195665
3195661 3195658
3195652 3195648
3195643 3195643
3195641 3195641
3195637 3195638
3195636 3195637
3195637 3195636
3195637 3195636
3195635 3195636
3195636 3195635
3195636 3195636
3195636 3195635
3195637 3195636
3195637 3195636
3195636 3195634
3195634 3195633
3195635 3195634
3195634 3195631
3195631 3195632
3195632 3195633
3195633 3195633
3195635 3195635
3195639 3195640
3195643 3195643
3195647 3195649
3195649 3195652
3195653 3195655
3195657 3195659
3195661 3195664
3195665 3195668
3195670 3195672
3195675 3195677
3195680 3195681
3195682 3195685
3195686 3195689
3195691 3195691
3195693 3195694
3195697 3195698
3195699 3195697
3195694 3195691
3195686 3195682
3195676 3195674
3195667 3195665
3195661 3195656
3195652 3195648
3195645 3195639
3195636 3195629
3195624 3195623
3195618 3195618
3195616 3195613
3195612 3195611
3195610 3195609
3195609 3195609
3195608 3195609
3195608 3195611
3195610 3195611
3195613 3195613
3195613 3195612
3195613 3195612
3195614 3195613
3195613 3195613
3195612 3195612
3195614 3195611
3195612 3195610
3195613 3195614
3195614 3195614
3195617 3195618
3195619 3195622
3195623 3195625
3195626 3195627
3195630 3195632
3195632 3195636
3195636 3195638
3195642 3195642
3195644 3195646
3195650 3195649
3195651 3195654
3195656 3195659
3195661 3195663
3195668 3195670
3195672 3195673
3195676 3195677
3195678 3195682
3195682 3195681
3195678 3195672
3195668 3195660
3195659 3195656
3195652 3195647
3195643 3195639
3195636 3195632
3195628 3195624
3195621 3195617
3195614 3195611
3195608 3195604
3195600 3195600
3195598 3195597
3195593 3195592
3195591 3195591
3195589 3195590
3195590 3195588
3195589 3195589
3195588 3195589
3195592 3195591
3195591 3195594
3195592 3195594
3195592 3195593
3195594 3195592
3195593 3195592
3195591 3195590
3195590 3195590
3195592 3195591
3195593 3195593
3195594 3195596
3195596 3195598
3195600 3195602
3195605 3195608
3195609 3195613
3195617 3195619
3195619 3195624
3195625 3195629
3195630 3195635
3195640 3195642
3195645 3195648
3195650 3195653
3195655 3195659
3195660 3195662
3195664 3195667
3195669 3195669
3195673 3195675
3195675 3195678
3195681 3195683
3195683 3195682
3195679 3195676
3195672 3195667
3195663 3195660
3195659 3195657
3195655 3195655
3195651 3195649
3195648 3195644
3195644 3195641
3195640 3195640
3195632 3195630
3195632 3195628
3195627 3195623
3195620 3195620
3195621 3195622
3195620 3195618
3195617 3195617
3195617 3195619
3195618 3195619
3195620 3195620
3195620 3195620
3195623 3195622
3195625 3195625
3195624 3195625
3195625 3195624
3195624 3195623
3195623 3195624
3195626 3195625
3195627 3195626
3195627 3195628
3195631 3195632
3195635 3195638
3195638 3195641
3195643 3195644
3195647 3195650
3195652 3195655
3195658 3195660
3195663 3195667
3195669 3195670
3195675 3195677
3195680 3195683
3195686 3195687
3195690 3195692
3195694 3195695
3195700 3195701
3195704 3195707
3195708 3195711
3195715 3195715
3195718 3195720
3195723 3195722
3195720 3195718
3195713 3195707
3195705 3195702
3195701 3195698
3195694 3195692
3195689 3195687
3195682 3195680
3195678 3195674
3195671 3195667
3195664 3195662
3195659 3195657
3195657 3195655
3195653 3195652
3195650 3195650
3195652 3195650
3195652 3195650
3195651 3195650
3195653 3195655
3195655 3195655
3195656 3195657
3195656 3195655
3195657 3195655
3195656 3195655
3195654 3195656
3195655 3195655
3195655 3195657
3195657 3195656
3195656 3195657
3195657 3195658
3195658 3195657
3195659 3195660
3195661 3195664
3195666 3195668
3195669 3195670
3195672 3195675
3195677 3195679
3195679 3195682
3195682 3195682
3195683 3195687
3195690 3195692
3195695 3195695
3195699 3195699
3195702 3195702
3195704 3195704
3195705 3195706
3195708 3195708
3195712 3195711
3195711 3195708
3195705 3195698
3195697 3195691
3195687 3195684
3195682 3195680
3195678 3195673
3195669 3195662
3195657 3195654
3195652 3195647
3195643 3195638
3195637 3195634
3195630 3195629
3195628 3195627
3195626 3195625
3195624 3195622
3195624 3195625
3195627 3195627
3195628 3195628
3195629 3195629
3195630 3195630
3195627 3195627
3195627 3195628
3195625 3195626
3195625 3195624
3195622 3195623
3195623 3195622
3195623 3195625
3195625 3195626
3195626 3195625
3195625 3195627
3195629 3195631
3195632 3195631
3195634 3195635
3195634 3195636
3195638 3195640
3195641 3195644
3195646 3195648
3195649 3195653
3195653 3195656
3195656 3195655
3195659 3195661
3195662 3195663
3195665 3195663
3195664 3195663
3195665 3195665
3195665 3195667
3195666 3195663
3195657 3195651
3195644 3195639
3195635 3195630
3195626 3195621
3195618 3195614
3195608 3195604
3195601 3195596
3195592 3195586
3195582 3195576
3195573 3195570
3195566 3195560
3195556 3195554
3195553 3195553
3195550 3195548
3195545 3195542
3195543 3195539
3195539 3195539
3195538 3195538
3195536 3195535
3195536 3195535
3195533 3195533
3195530 3195529
3195527 3195526
3195524 3195522
3195522 3195523
3195521 3195520
3195521 3195521
3195522 3195521
3195525 3195523
3195523 3195524
3195522 3195521
3195523 3195525
3195523 3195526
3195529 3195530
3195534 3195536
3195539 3195542
3195543 3195545
3195548 3195549
3195553 3195554
3195555 3195560
3195558 3195560
3195561 3195563
3195560 3195564
3195565 3195564
3195566 3195566
3195567 3195569
3195568 3195570
3195569 3195570
3195572 3195572
3195568 3195563
3195556 3195547
3195544 3195539
3195534 3195530
3195525 3195522
3195517 3195515
3195510 3195506
3195504 3195500
3195497 3195495
3195492 3195488
3195484 3195479
3195476 3195473
3195469 3195469
3195468 3195468
3195468 3195466
3195468 3195468
3195471 3195470
3195473 3195471
3195473 3195473
3195473 3195474
3195472 3195469
3195469 3195466
3195464 3195464
3195463 3195461
3195464 3195463
3195465 3195465
3195470 3195471
3195474 3195478
3195479 3195481
3195480 3195480
3195481 3195480
3195481 3195479
3195480 3195481
3195483 3195486
3195488 3195490
3195491 3195493
3195497 3195498
3195503 3195504
3195509 3195512
3195513 3195514
3195515 3195517
3195513 3195516
3195514 3195514
3195518 3195516
3195519 3195522
3195523 3195527
3195531 3195534
3195538 3195541
3195543 3195544
3195544 3195547
3195544 3195545
3195539 3195531
3195527 3195518
3195514 3195510
3195506 3195504
3195504 3195500
3195499 3195501
3195499 3195497
3195497 3195497
3195497 3195494
3195491 3195488
3195487 3195484
3195481 3195481
3195480 3195478
3195478 3195479
3195479 3195482
3195485 3195485
3195490 3195494
3195497 3195497
3195499 3195501
3195500 3195499
3195496 3195493
3195491 3195490
3195489 3195488
3195489 3195491
3195490 3195492
3195494 3195497
3195499 3195503
3195507 3195508
3195512 3195514
3195517 3195516
3195517 3195519
3195518 3195518
3195518 3195519
3195519 3195525
3195526 3195528
3195531 3195534
3195538 3195542
3195548 3195550
3195555 3195559
3195561 3195562
3195566 3195569
3195568 3195567
3195568 3195569
3195568 3195569
3195571 3195572
3195575 3195577
3195578 3195579
3195578 3195577
3195574 3195573
3195571 3195569
3195567 3195564
3195562 3195558
3195554 3195552
3195546 3195544
3195543 3195539
3195539 3195538
3195537 3195537
3195540 3195543
3195544 3195547
3195548 3195548
3195552 3195553
3195551 3195553
3195550 3195551
3195548 3195545
3195546 3195545
3195546 3195546
3195549 3195550
3195552 3195553
3195555 3195555
3195558 3195560
3195564 3195562
3195563 3195564
3195564 3195563
3195562 3195559
3195560 3195558
3195557 3195557
3195557 3195557
3195559 3195564
3195566 3195569
3195573 3195576
3195582 3195584
3195588 3195594
3195597 3195600
3195603 3195604
3195604 3195606
3195606 3195606
3195607 3195610
3195614 3195615
3195621 3195621
3195626 3195629
3195631 3195635
3195638 3195642
3195645 3195649
3195646 3195643
3195637 3195633
3195630 3195623
3195616 3195612
3195609 3195605
3195602 3195598
3195596 3195594
3195592 3195592
3195590 3195588
3195587 3195588
3195586 3195586
3195586 3195583
3195580 3195579
3195575 3195572
3195569 3195566
3195565 3195565
3195561 3195563
3195563 3195565
3195567 3195572
3195574 3195577
3195579 3195583
3195585 3195585
3195584 3195586
3195584 3195583
3195582 3195579
3195578 3195576
3195574 3195574
3195574 3195574
3195575 3195577
3195583 3195585
3195590 3195592
3195596 3195602
3195605 3195612
3195614 3195616
3195619 3195620
3195620 3195621
3195621 3195620
3195622 3195625
3195628 3195630
3195633 3195637
3195641 3195645
3195649 3195654
3195659 3195665
3195669 3195675
3195681 3195683
3195685 3195689
3195689 3195690
3195691 3195692
3195694 3195694
3195695 3195694
3195693 3195690
3195688 3195684
3195683 3195681
3195679 3195676
3195675 3195673
3195668 3195663
3195659 3195655
3195650 3195643
3195637 3195634
3195628 3195624
3195622 3195621
3195619 3195621
3195619 3195619
3195621 3195621
3195623 3195622
3195625 3195624
3195626 3195626
3195627 3195627
3195627 3195623
3195623 3195619
3195618 3195617
3195619 3195618
3195618 3195619
3195618 3195619
3195622 3195626
3195628 3195633
3195632 3195634
3195639 3195638
3195639 3195640
3195643 3195640
3195640 3195639
3195637 3195638
3195637 3195638
3195640 3195644
3195647 3195651
3195653 3195659
3195662 3195665
3195670 3195674
3195678 3195684
3195687 3195691
3195694 3195694
3195695 3195695
3195698 3195701
3195705 3195707
3195714 3195718
3195723 3195726
3195731 3195734
3195739 3195739
3195742 3195741
3195741 3195740
3195735 3195731
3195728 3195724
3195720 3195715
3195714 3195707
3195703 3195702
3195697 3195694
3195692 3195690
3195689 3195688
3195689 3195689
3195688 3195689
3195688 3195687
3195686 3195684
3195683 3195681
3195680 3195679
3195679 3195682
3195683 3195683
3195687 3195689
3195691 3195693
3195696 3195699
3195699 3195701
3195701 3195701
3195699 3195700
3195698 3195697
3195694 3195693
3195692 3195691
3195692 3195694
3195696 3195699
3195701 3195703
3195709 3195713
3195717 3195719
3195723 3195725
3195726 3195729
3195729 3195731
3195731 3195730
3195731 3195732
3195733 3195737
3195738 3195741
3195746 3195749
3195754 3195758
3195762 3195766
3195769 3195771
3195772 3195775
3195776 3195777
3195774 3195772
3195771 3195768
3195762 3195761
3195759 3195757
3195755 3195753
3195750 3195746
3195743 3195741
3195734 3195731
3195727 3195723
3195720 3195716
3195713 3195707
3195706 3195704
3195700 3195700
3195697 3195699
3195698 3195700
3195701 3195700
3195704 3195704
3195707 3195708
3195710 3195710
3195711 3195711
3195712 3195710
3195710 3195711
3195711 3195711
3195709 3195708
3195709 3195709
3195711 3195710
3195712 3195711
3195712 3195713
3195714 3195714
3195715 3195716
3195719 3195720
3195725 3195726
3195728 3195731
3195732 3195733
3195736 3195741
3195740 3195742
3195746 3195747
3195748 3195749
3195751 3195753
3195754 3195757
3195757 3195759
3195761 3195765
3195768 3195768
3195769 3195773
3195775 3195778
3195780 3195783
3195786 3195788
3195786 3195784
3195781 3195776
3195773 3195769
3195767 3195765
3195760 3195756
3195751 3195743
3195738 3195732
3195724 3195717
3195712 3195708
3195701 3195696
3195692 3195688
3195684 3195680
3195677 3195673
3195671 3195667
3195667 3195666
3195665 3195663
3195663 3195659
3195659 3195658
3195657 3195656
3195655 3195657
3195656 3195653
3195652 3195650
3195649 3195648
3195646 3195644
3195642 3195643
3195641 3195640
3195638 3195637
3195637 3195638
3195638 3195638
3195637 3195638
3195640 3195639
3195640 3195641
3195644 3195645
3195647 3195649
3195649 3195652
3195656 3195658
3195660 3195662
3195664 3195666
3195668 3195672
3195674 3195678
3195679 3195679
3195682 3195684
3195687 3195691
3195695 3195698
3195701 3195704
3195709 3195711
3195717 3195720
3195724 3195730
3195733 3195735
3195733 3195730
3195725 3195724
3195721 3195720
3195722 3195725
3195726 3195726
3195728 3195725
3195722 3195720
3195719 3195719
3195718 3195719
3195719 3195716
3195714 3195715
3195714 3195714
3195714 3195714
3195715 3195714
3195715 3195716
3195717 3195716
3195718 3195718
3195719 3195721
3195722 3195721
3195724 3195724
3195725 3195724
3195726 3195726
3195726 3195725
3195726 3195726
3195728 3195727
3195728 3195729
3195731 3195730
3195732 3195732
3195735 3195736
3195737 3195740
3195742 3195744
3195747 3195751
3195754 3195755
3195757 3195762
3195764 3195766
3195769 3195771
3195772 3195776
3195779 3195780
3195782 3195783
3195787 3195789
3195791 3195795
3195797 3195799
3195802 3195804
3195806 3195809
3195810 3195814
3195818 3195820
3195820 3195823
3195827 3195828
3195827 3195824
3195825 3195821
3195820 3195816
3195814 3195809
3195805 3195800
3195797 3195791
3195785 3195781
3195778 3195773
3195769 3195765
3195763 3195761
3195759 3195757
3195755 3195753
3195752 3195749
3195748 3195747
3195747 3195750
3195748 3195747
3195747 3195748
3195749 3195747
3195748 3195748
3195746 3195748
3195746 3195746
3195742 3195740
3195740 3195737
3195735 3195734
3195733 3195732
3195729 3195731
3195729 3195730
3195730 3195730
3195731 3195733
3195735 3195737
3195736 3195738
3195738 3195740
3195743 3195744
3195746 3195746
3195746 3195747
3195751 3195752
3195753 3195752
3195756 3195757
3195758 3195759
3195762 3195766
3195766 3195767
3195770 3195770
3195773 3195773
3195776 3195777
3195777 3195779
3195778 3195775
3195773 3195772
3195767 3195765
3195761 3195757
3195752 3195748
3195743 3195739
3195732 3195727
3195724 3195717
3195712 3195708
3195703 3195700
3195696 3195693
3195689 3195688
3195685 3195685
3195686 3195683
3195680 3195681
3195682 3195680
3195679 3195680
3195678 3195680
3195678 3195680
3195679 3195679
3195679 3195676
3195675 3195673
3195673 3195673
3195670 3195670
3195667 3195665
3195664 3195662
3195661 3195659
3195657 3195655
3195657 3195656
3195657 3195658
3195657 3195660
3195661 3195661
3195661 3195663
3195663 3195664
3195664 3195666
3195666 3195666
3195668 3195668
3195669 3195670
3195672 3195672
3195671 3195673
3195675 3195673
3195676 3195678
3195677 3195679
3195681 3195682
3195683 3195685
3195686 3195689
3195691 3195694
3195697 3195698
3195695 3195693
3195690 3195684
3195679 3195675
3195670 3195667
3195662 3195658
3195652 3195647
3195642 3195638
3195632 3195629
3195623 3195618
3195613 3195609
3195604 3195600
3195599 3195594
3195592 3195589
3195587 3195584
