49.8416
3203334 3203352
3203355 3203358
3203361 3203362
3203366 3203366
3203368 3203368
3203372 3203372
3203376 3203376
3203377 3203381
3203377 3203373
3203371 3203364
3203360 3203355
3203349 3203344
3203343 3203338
3203333 3203329
3203328 3203320
3203318 3203311
3203309 3203305
3203301 3203300
3203297 3203296
3203294 3203294
3203293 3203296
3203298 3203301
3203303 3203303
3203304 3203306
3203307 3203304
3203306 3203304
3203305 3203303
3203303 3203302
3203304 3203301
3203301 3203300
3203302 3203305
3203307 3203309
3203311 3203311
3203312 3203315
3203316 3203319
3203319 3203320
3203322 3203323
3203325 3203329
3203328 3203329
3203330 3203335
3203338 3203338
3203340 3203344
3203347 3203351
3203354 3203355
3203359 3203363
3203365 3203366
3203368 3203370
3203374 3203374
3203374 3203375
3203378 3203380
3203381 3203383
3203386 3203388
3203393 3203398
3203401 3203404
3203409 3203411
3203414 3203414
3203416 3203420
3203420 3203420
3203417 3203412
3203405 3203399
3203393 3203388
3203384 3203381
3203378 3203374
3203372 3203370
3203366 3203364
3203360 3203357
3203355 3203353
3203352 3203349
3203348 3203347
3203343 3203343
3203343 3203345
3203343 3203347
3203349 3203347
3203348 3203352
3203353 3203356
3203354 3203356
3203359 3203359
3203360 3203360
3203360 3203358
3203357 3203358
3203356 3203355
3203356 3203354
3203353 3203353
3203355 3203356
3203356 3203357
3203363 3203364
3203368 3203369
3203372 3203375
3203377 3203381
3203381 3203383
3203381 3203384
3203386 3203387
3203389 3203389
3203394 3203394
3203395 3203398
3203401 3203404
3203408 3203412
3203412 3203415
3203419 3203419
3203421 3203422
3203424 3196053
3196054 3196056
3196056 3196058
3196058 3196055
3196054 3196049
3196048 3196043
3196036 3196035
3196033 3196028
3196027 3196022
3196019 3196016
3196011 3196008
3196006 3196004
3195998 3195998
3195997 3195995
3195991 3195992
3195992 3195991
3195990 3195992
3195989 3195988
3195986 3195986
3195983 3195981
3195979 3195977
3195976 3195977
3195977 3195977
3195976 3195975
3195974 3195972
3195972 3195970
3195971 3195969
3195969 3195968
3195968 3195966
3195966 3195963
3195963 3195961
3195963 3195960
3195962 3195960
3195962 3195960
3195962 3195961
3195963 3195969
3195970 3195973
3195979 3195983
3195987 3195991
3195995 3195999
3196003 3196009
3196014 3196016
3196018 3196022
3196024 3196025
3196026 3196028
3196027 3196027
3196029 3196031
3196029 3196032
3196032 3196034
3196034 3196039
3196042 3196043
3196042 3196039
3196038 3196032
3196026 3196023
3196021 3196016
3196014 3196009
3196009 3196005
3196001 3195998
3195996 3195994
3195992 3195987
3195989 3195988
3195986 3195985
3195984 3195985
3195986 3195983
3195984 3195984
3195986 3195987
3195989 3195989
3195989 3195989
3195990 3195991
3195991 3195992
3195994 3195994
3195992 3195992
3195992 3195991
3195991 3195993
3195992 3195993
3195993 3195995
3195997 3196000
3196002 3196004
3196006 3196008
3196011 3196013
3196013 3196016
3196018 3196019
3196018 3196021
3196021 3196022
3196025 3196024
3196027 3196030
3196032 3196034
3196035 3196038
3196042 3196043
3196045 3196046
3196048 3196050
3196050 3196055
3196054 3196056
3196057 3196059
3196060 3196057
3196053 3196048
3196043 3196040
3196034 3196030
3196025 3196024
3196019 3196016
3196014 3196011
3196006 3196004
3195999 3195998
3195996 3195995
3195992 3195990
3195988 3195989
3195987 3195989
3195989 3195989
3195989 3195990
3195992 3195992
3195991 3195991
3195991 3195991
3195990 3195989
3195988 3195986
3195985 3195986
3195985 3195987
3195986 3195988
3195989 3195991
3195992 3195992
3195996 3195997
3195999 3196001
3196001 3196005
3196004 3196006
3196007 3196006
3196007 3196008
3196009 3196010
3196009 3196011
3196015 3196016
3196018 3196021
3196024 3196027
3196029 3196032
3196034 3196036
3196040 3196042
3196041 3196043
3196045 3196045
3196046 3196050
3196049 3196049
3196049 3196053
3196056 3196056
3196060 3196062
3196062 3196063
3196062 3196056
3196052 3196047
3196042 3196036
3196033 3196026
3196022 3196017
3196012 3196008
3196003 3195999
3195994 3195991
3195989 3195988
3195984 3195983
3195986 3195984
3195984 3195987
3195987 3195989
3195989 3195991
3195990 3195990
3195990 3195989
3195989 3195987
3195985 3195987
3195984 3195985
3195984 3195984
3195985 3195985
3195987 3195989
3195989 3195989
3195990 3195992
3195991 3195992
3195994 3195994
3195995 3195995
3195995 3195995
3195997 3195996
3195997 3195998
3196000 3196004
3196004 3196009
3196010 3196014
3196018 3196019
3196022 3196026
3196028 3196029
3196031 3196031
3196033 3196033
3196035 3196035
3196037 3196037
3196039 3196041
3196045 3196047
3196051 3196054
3196056 3196058
3196060 3196063
3196065 3196066
3196066 3196064
3196059 3196053
3196047 3196039
3196034 3196028
3196022 3196017
3196014 3196009
3196006 3196003
3196000 3196000
3195997 3195995
3195994 3195995
3195994 3195993
3195993 3195992
3195991 3195992
3195993 3195992
3195992 3195991
3195990 3195989
3195990 3195989
3195992 3195992
3195993 3195995
3195996 3195996
3195996 3195997
3195999 3195999
3195999 3195998
3195998 3195995
3195996 3195994
3195994 3195995
3195994 3195995
3195997 3195997
3195998 3196002
3196002 3196007
3196008 3196012
3196014 3196016
3196017 3196017
3196022 3196023
3196022 3196023
3196026 3196025
3196027 3196026
3196028 3196030
3196031 3196034
3196036 3196039
3196042 3196043
3196045 3196049
3196051 3196051
3196054 3196057
3196058 3196058
3196055 3196050
3196043 3196038
3196033 3196028
3196021 3196018
3196014 3196011
3196008 3196006
3196004 3196002
3196001 3195998
3195996 3195996
3195996 3195994
3195995 3195994
3195993 3195993
3195994 3195993
3195993 3195994
3195994 3195995
3195997 3195996
3195998 3196000
3196000 3196002
3196004 3196006
3196006 3196005
3196006 3196006
3196006 3196005
3196004 3196004
3196004 3196005
3196005 3196003
3196006 3196006
3196009 3196012
3196015 3196017
3196020 3196023
3196025 3196027
3196028 3196031
3196031 3196035
3196035 3196035
3196037 3196038
3196038 3196040
3196042 3196044
3196047 3196050
3196053 3196054
3196057 3196060
3196062 3196065
3196068 3196073
3196073 3196075
3196076 3196076
3196077 3196080
3196081 3196083
3196082 3196081
3196078 3196072
3196068 3196062
3196060 3196056
3196052 3196051
3196048 3196045
3196040 3196034
3196031 3196027
3196025 3196022
3196020 3196016
3196015 3196013
3196013 3196010
3196011 3196011
3196012 3196012
3196015 3196017
3196018 3196019
3196021 3196022
3196022 3196022
3196021 3196022
3196021 3196020
3196019 3196020
3196019 3196018
3196017 3196019
3196019 3196021
3196022 3196023
3196026 3196025
3196028 3196030
3196032 3196033
3196032 3196036
3196035 3196037
3196037 3196040
3196043 3196044
3196047 3196048
3196050 3196051
3196052 3196056
3196057 3196061
3196062 3196063
3196067 3196067
3196067 3196069
3196071 3196071
3196071 3196075
3196077 3196077
3196079 3196081
3196084 3196087
3196089 3196092
3196097 3196098
3196098 3196102
3196101 3196096
3196091 3196085
3196081 3196072
3196068 3196064
3196059 3196054
3196051 3196045
3196041 3196038
3196037 3196031
3196029 3196029
3196027 3196025
3196026 3196027
3196026 3196025
3196024 3196025
3196027 3196027
3196029 3196027
3196027 3196028
3196026 3196026
3196024 3196024
3196025 3196025
3196026 3196026
3196027 3196029
3196030 3196031
3196031 3196033
3196033 3196034
3196034 3196034
3196034 3196033
3196033 3196032
3196033 3196033
3196034 3196035
3196036 3196037
3196038 3196041
3196042 3196046
3196048 3196051
3196054 3196058
3196058 3196061
3196063 3196065
3196063 3196067
3196068 3196068
3196069 3196069
3196071 3196072
3196073 3196076
3196079 3196081
3196083 3196088
3196091 3196091
3196093 3196094
3196095 3196098
3196099 3196100
3196101 3196101
3196098 3196093
3196089 3196082
3196078 3196073
3196067 3196064
3196061 3196058
3196056 3196051
3196048 3196046
3196045 3196044
3196042 3196040
3196040 3196038
3196034 3196036
3196034 3196033
3196032 3196033
3196032 3196032
3196032 3196031
3196032 3196032
3196035 3196036
3196039 3196039
3196040 3196041
3196041 3196040
3196041 3196039
3196040 3196038
3196039 3196037
3196035 3196036
3196034 3196034
3196034 3196034
3196035 3196036
3196039 3196039
3196046 3196045
3196048 3196049
3196052 3196054
3196054 3196056
3196057 3196059
3196061 3196059
3196060 3196061
3196061 3196064
3196066 3196067
3196069 3196070
3196073 3196077
3196078 3196079
3196081 3196084
3196085 3196087
3196086 3196089
3196087 3196088
3196087 3196087
3196084 3196078
3196074 3196067
3196062 3196058
3196055 3196052
3196046 3196043
3196039 3196036
3196035 3196028
3196029 3196026
3196022 3196020
3196018 3196018
3196017 3196015
3196016 3196017
3196019 3196020
3196021 3196023
3196024 3196025
3196026 3196028
3196027 3196026
3196029 3196026
3196027 3196027
3196025 3196023
3196023 3196021
3196019 3196021
3196020 3196020
3196022 3196022
3196022 3196023
3196027 3196029
3196031 3196032
3196033 3196035
3196037 3196038
3196039 3196041
3196041 3196043
3196043 3196044
3196045 3196046
3196047 3196048
3196053 3196052
3196057 3196058
3196060 3196064
3196066 3196068
3196068 3196071
3196075 3196076
3196079 3196080
3196081 3196081
3196084 3196083
3196088 3196086
3196089 3196090
3196090 3196092
3196092 3196087
3196085 3196077
3196073 3196066
3196063 3196057
3196055 3196048
3196043 3196036
3196032 3196029
3196025 3196019
3196016 3196014
3196012 3196010
3196008 3196007
3196007 3196005
3196005 3196006
3196005 3196006
3196007 3196005
3196007 3196006
3196006 3196003
3196005 3196003
3196002 3196001
3196001 3195999
3196000 3196000
3196001 3196000
3196001 3196001
3196003 3196002
3196004 3196005
3196004 3196005
3196004 3196005
3196005 3196005
3196004 3196007
3196008 3196010
3196012 3196011
3196014 3196017
3196019 3196021
3196025 3196027
3196027 3196033
3196033 3196036
3196035 3196037
3196039 3196040
3196041 3196043
3196044 3196042
3196045 3196045
3196046 3196049
3196051 3196053
3196056 3196059
3196062 3196065
3196067 3196069
3196071 3196073
3196076 3196075
3196075 3196076
3196073 3196067
3196061 3196055
3196048 3196044
3196038 3196036
3196033 3196027
3196025 3196019
3196016 3196014
3196012 3196008
3196003 3196003
3195998 3195994
3195993 3195991
3195990 3195989
3195987 3195985
3195986 3195987
3195989 3195990
3195991 3195993
3195992 3195993
3195993 3195995
3195996 3195995
3195995 3195994
3195991 3195991
3195992 3195989
3195989 3195988
3195987 3195988
3195988 3195990
3195991 3195992
3195995 3195995
3195999 3196002
3196002 3196005
3196007 3196009
3196010 3196011
3196011 3196012
3196015 3196016
3196019 3196019
3196019 3196020
3196022 3196025
3196027 3196030
3196031 3196035
3196038 3196040
3196041 3196045
3196047 3196050
3196052 3196054
3196055 3196056
3196057 3196058
3196059 3196062
3196061 3196064
3196064 3196069
3196069 3196071
3196075 3196079
3196080 3196083
3196083 3196080
3196078 3196072
3196067 3196062
3196054 3196052
3196047 3196041
3196037 3196032
3196028 3196024
3196022 3196021
3196019 3196018
3196016 3196019
3196016 3196018
3196017 3196019
3196021 3196020
3196021 3196020
3196020 3196021
3196021 3196020
3196019 3196019
3196019 3196019
3196019 3196020
3196019 3196022
3196021 3196023
3196023 3196023
3196025 3196024
3196025 3196024
3196023 3196024
3196025 3196024
3196023 3196026
3196025 3196026
3196027 3196030
3196030 3196033
3196033 3196037
3196040 3196042
3196043 3196046
3196048 3196046
3196049 3196052
3196051 3196055
3196056 3196059
3196059 3196059
3196063 3196064
3196066 3196069
3196072 3196076
3196077 3196081
3196080 3196086
3196085 3196088
3196089 3196089
3196091 3196090
3196090 3196089
3196086 3196080
3196073 3196070
3196064 3196059
3196055 3196052
3196048 3196045
3196042 3196041
3196040 3196037
3196034 3196033
3196034 3196030
3196030 3196029
3196028 3196027
3196025 3196025
3196024 3196025
3196025 3196026
3196026 3196025
3196027 3196028
3196027 3196027
3196029 3196029
3196031 3196031
3196030 3196033
3196032 3196033
3196034 3196035
3196033 3196035
3196035 3196035
3196036 3196036
3196034 3196035
3196038 3196037
3196038 3196040
3196041 3196044
3196045 3196047
3196049 3196052
3196053 3196054
3196056 3196058
3196060 3196063
3196063 3196066
3196070 3196069
3196073 3196073
3196075 3196078
3196078 3196082
3196083 3196086
3196087 3196087
3196090 3196093
3196094 3196094
3196098 3196099
3196100 3196101
3196106 3196107
3196108 3196110
3196112 3196115
3196116 3196115
3196114 3196109
3196103 3196098
3196094 3196090
3196085 3196084
3196081 3196075
3196071 3196068
3196064 3196062
3196060 3196057
3196055 3196054
3196054 3196051
3196050 3196049
3196048 3196047
3196049 3196047
3196048 3196048
3196047 3196049
3196048 3196049
3196051 3196051
3196051 3196050
3196050 3196050
3196049 3196049
3196047 3196048
3196049 3196049
3196051 3196049
3196050 3196049
3196049 3196050
3196052 3196050
3196053 3196053
3196054 3196056
3196057 3196059
3196059 3196059
3196064 3196066
3196066 3196067
3196069 3196071
3196074 3196074
3196077 3196077
3196080 3196082
3196083 3196086
3196089 3196089
3196091 3196095
3196095 3196097
3196098 3196099
3196099 3196104
3196105 3196109
3196109 3196111
3196112 3196112
3196115 3196118
3196117 3196121
3196123 3196126
3196128 3196127
3196128 3196131
3196131 3196128
3196126 3196122
3196116 3196112
3196106 3196102
3196097 3196094
3196091 3196086
3196083 3196079
3196075 3196073
3196070 3196067
3196065 3196064
3196062 3196059
3196059 3196055
3196055 3196053
3196053 3196053
3196054 3196055
3196053 3196053
3196055 3196055
3196054 3196054
3196055 3196054
3196056 3196053
3196053 3196055
3196054 3196054
3196053 3196054
3196053 3196053
3196054 3196053
3196053 3196054
3196055 3196055
3196055 3196055
3196059 3196060
3196059 3196061
3196061 3196062
3196063 3196066
3196066 3196069
3196071 3196072
3196073 3196075
3196079 3196079
3196081 3196083
3196085 3196086
3196091 3196089
3196092 3196093
3196094 3196096
3196097 3196100
3196100 3196101
3196102 3196102
3196107 3196107
3196108 3196111
3196110 3196113
3196114 3196116
3196115 3196119
3196121 3196123
3196123 3196122
3196122 3196117
3196110 3196105
3196101 3196097
3196091 3196088
3196083 3196080
3196077 3196072
3196069 3196066
3196063 3196061
3196059 3196056
3196054 3196054
3196053 3196051
3196050 3196050
3196049 3196049
3196054 3196053
3196053 3196055
3196053 3196054
3196056 3196053
3196054 3196054
3196054 3196052
3196054 3196053
3196052 3196052
3196050 3196048
3196049 3196049
3196047 3196047
3196047 3196047
3196047 3196050
3196049 3196050
3196051 3196051
3196052 3196053
3196053 3196054
3196054 3196057
3196058 3196058
3196061 3196063
3196064 3196065
3196068 3196070
3196070 3196072
3196074 3196076
3196076 3196077
3196078 3196080
3196080 3196082
3196085 3196084
3196089 3196090
3196088 3196089
3196093 3196094
3196095 3196093
3196096 3196097
3196094 3196089
3196084 3196079
3196072 3196067
3196061 3196057
3196052 3196047
3196043 3196037
3196034 3196030
3196027 3196023
3196022 3196016
3196017 3196017
3196014 3196011
3196009 3196010
3196009 3196007
3196007 3196009
3196009 3196009
3196011 3196009
3196010 3196009
3196009 3196010
3196008 3196006
3196007 3196007
3196008 3196007
3196006 3196007
3196005 3196006
3196004 3196004
3196004 3196003
3196004 3196006
3196005 3196007
3196009 3196009
3196010 3196010
3196012 3196013
3196014 3196016
3196018 3196021
3196024 3196025
3196025 3196029
3196030 3196032
3196035 3196036
3196037 3196040
3196040 3196042
3196046 3196047
3196049 3196051
3196053 3196052
3196055 3196058
3196059 3196059
3196062 3196064
3196065 3196068
3196070 3196070
3196073 3196075
3196076 3196078
3196080 3196082
3196082 3196083
3196081 3196074
3196071 3196067
3196060 3196053
3196049 3196045
3196042 3196036
3196032 3196030
3196023 3196019
3196018 3196013
3196012 3196010
3196008 3196005
3196004 3196001
3196002 3196000
3196000 3195999
3195999 3195997
3195999 3195999
3196000 3196001
3195998 3195997
3195998 3196000
3195998 3195998
3195999 3195999
3195999 3195998
3195995 3195995
3195997 3195997
3195996 3195998
3195997 3195996
3195996 3195997
3195998 3196000
3196001 3196002
3196003 3196005
3196007 3196008
3196010 3196010
3196013 3196014
3196017 3196017
3196019 3196021
3196024 3196027
3196029 3196030
3196031 3196031
3196034 3196038
3196038 3196041
3196043 3196044
3196046 3196049
3196051 3196050
3196053 3196055
3196056 3196057
3196057 3196061
3196063 3196067
3196068 3196071
3196071 3196075
3196077 3196079
3196080 3196083
3196084 3196087
3196085 3196083
3196080 3196073
3196068 3196064
3196056 3196052
3196050 3196046
3196043 3196039
3196034 3196031
3196028 3196025
3196024 3196021
3196018 3196018
3196016 3196013
3196011 3196012
3196010 3196011
3196009 3196010
3196013 3196011
3196013 3196012
3196012 3196013
3196012 3196014
3196012 3196013
3196011 3196013
3196013 3196012
3196012 3196012
3196011 3196011
3196013 3196010
3196012 3196013
3196013 3196014
3196014 3196015
3196017 3196018
3196019 3196020
3196019 3196024
3196024 3196026
3196027 3196029
3196030 3196033
3196034 3196037
3196038 3196038
3196040 3196043
3196043 3196046
3196048 3196051
3196053 3196054
3196056 3196057
3196059 3196062
3196064 3196065
3196066 3196068
3196069 3196073
3196074 3196076
3196077 3196080
3196082 3196084
3196085 3196085
3196088 3196089
3196091 3196092
3196096 3196099
3196100 3196100
3196097 3196095
3196089 3196085
3196082 3196077
3196074 3196069
3196067 3196063
3196058 3196057
3196054 3196052
3196048 3196047
3196045 3196043
3196042 3196041
3196040 3196040
3196040 3196039
3196040 3196039
3196042 3196042
3196042 3196042
3196042 3196043
3196043 3196045
3196042 3196044
3196045 3196044
3196045 3196044
3196045 3196045
3196044 3196045
3196043 3196043
3196045 3196042
3196044 3196045
3196046 3196046
3196048 3196045
3196047 3196050
3196052 3196052
3196053 3196056
3196056 3196059
3196060 3196060
3196062 3196064
3196067 3196069
3196068 3196071
3196072 3196074
3196074 3196076
3196078 3196081
3196081 3196082
3196085 3196088
3196088 3196091
3196093 3196094
3196098 3196100
3196101 3196102
3196104 3196105
3196108 3196110
3196112 3196113
3196110 3196109
3196106 3196100
3196095 3196091
3196086 3196083
3196080 3196074
3196072 3196070
3196066 3196063
3196060 3196057
3196056 3196055
3196055 3196052
3196051 3196050
3196047 3196050
3196049 3196050
3196051 3196053
3196054 3196054
3196056 3196056
3196058 3196057
3196056 3196058
3196057 3196056
3196057 3196056
3196055 3196057
3196058 3196058
3196054 3196056
3196057 3196055
3196056 3196057
3196059 3196059
3196059 3196060
3196062 3196062
3196064 3196065
3196066 3196068
3196070 3196072
3196074 3196074
3196077 3196078
3196080 3196083
3196083 3196086
3196086 3196086
3196091 3196091
3196091 3196094
3196096 3196098
3196101 3196102
3196105 3196106
3196109 3196109
3196113 3196116
3196117 3196119
3196119 3196121
3196122 3196125
3196125 3196125
3196130 3196132
3196130 3196129
3196126 3196119
3196115 3196109
3196103 3196099
3196096 3196091
3196091 3196084
3196081 3196077
3196072 3196069
3196066 3196065
3196060 3196058
3196055 3196054
3196049 3196048
3196046 3196045
3196046 3196047
3196046 3196047
3196047 3196047
3196049 3196047
3196047 3196047
3196044 3196044
3196042 3196042
3196040 3196040
3196038 3196037
3196038 3196036
3196036 3196038
3196038 3196039
3196039 3196040
3196039 3196041
3196041 3196043
3196045 3196046
3196047 3196049
3196049 3196050
3196049 3196051
3196050 3196052
3196053 3196054
3196056 3196058
3196062 3196063
3196066 3196067
3196070 3196072
3196074 3196075
3196076 3196078
3196080 3196079
3196082 3196081
3196082 3196084
3196083 3196086
3196086 3196089
3196091 3196093
3196098 3196099
3196102 3196106
3196109 3196110
3196111 3196114
3196115 3196112
3196108 3196100
3196092 3196087
3196078 3196074
3196067 3196065
3196057 3196056
3196048 3196049
3196045 3196042
3196041 3196041
3196038 3196036
3196033 3196033
3196029 3196029
3196026 3196026
3196023 3196023
3196019 3196020
3196018 3196018
3196017 3196019
3196017 3196019
3196020 3196022
3196021 3196021
3196023 3196023
3196023 3196022
3196022 3196020
3196021 3196018
3196016 3196017
3196016 3196015
3196014 3196015
3196016 3196016
3196020 3196021
3196024 3196028
3196029 3196031
3196035 3196036
3196036 3196039
3196041 3196042
3196043 3196045
3196045 3196045
3196046 3196048
3196049 3196050
3196052 3196052
3196055 3196058
3196062 3196060
3196065 3196069
3196075 3196077
3196080 3196085
3196088 3196096
3196101 3196118
3196135 3196152
3196163 3196172
3196188 3196200
3196214 3196229
3196243 3196257
3196273 3196289
3196311 3196332
3196356 3196380
3196408 3196437
3196465 3196497
3196527 3196558
3196588 3196619
3196648 3196677
3196706 3196732
3196753 3196777
3196805 3196825
3196840 3196850
3196856 3196852
3196849 3196839
3196836 3196828
3196824 3196826
3196830 3196837
3196851 3196867
3196883 3196893
3196897 3196897
3196902 3196918
3196937 3196966
3196991 3197014
3197033 3197050
3197065 3197077
3197090 3197099
3197099 3197095
3197097 3197092
3197089 3197093
3197098 3197090
3197067 3197034
3196995 3196965
3196943 3196926
3196921 3196917
3196919 3196918
3196920 3196923
3196924 3196925
3196923 3196922
3196916 3196914
3196910 3196910
3196908 3196906
3196910 3196913
3196919 3196923
3196928 3196932
3196935 3196935
3196933 3196929
3196922 3196929
3196922 3196929
3196922 3196929
3196922 3196929
3196922 3196929
3196922 3196929
3196922 3196929
3196922 3196929
3196922 3196929
3196922 3196929
3196922 3196929
3196922 3196929
3196922 3196929
3196922 3196929
3196922 3196929
3196922 3196929
3196922 3196929
3196922 3196929
3196922 3196929
3196922 3196929
3196922 3196929
3196922 3196929
3196922 3196929
3196922 3196929
3196922 3196929
3196922 3196929
3196922 3196929
3196922 3196929
3196922 3196929
3196922 3196929
3196922 3196929
3196922 3196929
3196922 3196929
3196922 3196929
3196922 3196929
3196922 3196929
3196922 3196929
3196922 3196929
3196922 3196929
3196922 3196929
3196922 3196929
3196922 3196929
3196922 3196929
3196922 3196929
3196922 3196929
3196922 3196929
3196922 3196929
3196922 3196929
3196922 3196929
3196922 3196929
3196922 3196929
3196922 3196929
3196922 3196929
3196922 3196929
3196922 3196929
3196922 3196929
3196922 3196929
3196913 3196907
3196900 3196897
3196898 3196902
3196909 3196921
3196925 3196931
3196934 3196929
3196920 3196913
3196910 3196913
3196926 3196941
3196944 3196946
3196944 3196946
3196944 3196946
3196944 3196946
3196944 3196946
3196944 3196946
3196944 3196946
3196944 3196946
3196944 3196946
3196944 3196946
3196944 3196946
3196944 3196946
3196944 3196946
3196944 3196946
3196944 3196946
3196944 3196946
3196944 3196946
3196944 3196946
3196944 3196946
3196944 3196946
3196944 3196946
3196944 3196946
3196944 3196946
3196944 3196946
3196944 3196946
3196944 3196946
3196944 3196946
3196944 3196946
3196944 3196946
3196944 3196946
3196944 3196946
3196944 3196946
3196944 3196946
3196944 3196946
3196944 3196946
3196944 3196946
3196944 3196946
3196944 3196946
3196944 3196946
3196944 3196946
3196944 3196946
3196944 3196946
3196944 3196946
3196944 3196946
3196944 3196946
3196944 3196946
3196944 3196946
3196944 3196946
3196944 3196946
3196944 3196946
3196944 3196946
3196944 3196946
3196944 3196946
3196944 3196946
3196944 3196946
3196944 3196946
3196944 3196946
3196944 3196946
3196944 3196946
3196944 3196942
3196939 3196933
3196927 3196921
3196921 3196917
3196916 3196913
3196909 3196905
3196901 3196895
3196891 3196886
3196884 3196877
3196875 3196874
3196875 3196874
3196875 3196874
3196875 3196874
3196875 3196874
3196875 3196874
3196875 3196874
3196875 3196874
3196875 3196874
3196875 3196874
3196875 3196874
3196875 3196874
3196875 3196874
3196875 3196874
3196875 3196874
3196875 3196874
3196875 3196874
3196875 3196874
3196875 3196874
3196875 3196874
3196875 3196874
3196875 3196874
3196875 3196874
3196875 3196874
3196875 3196874
3196875 3196874
3196875 3196874
3196875 3196874
3196875 3196874
3196875 3196874
3196875 3196874
3196875 3196874
3196875 3196874
3196875 3196874
3196875 3196874
3196875 3196874
3196875 3196874
3196875 3196874
3196875 3196874
3196875 3196874
3196875 3196874
3196875 3196874
3196875 3196874
3196875 3196874
3196875 3196874
3196875 3196874
3196875 3196874
3196875 3196874
3196875 3196874
3196875 3196874
3196875 3196874
3196875 3196874
3196875 3196874
3196875 3196874
3196875 3196874
3196875 3196874
3196875 3196874
3196875 3196874
3196875 3196874
3196875 3196872
3196875 3196870
3196871 3196872
3196870 3196871
3196871 3196874
3196873 3196875
3196874 3196873
3196874 3196874
3196874 3196875
3196874 3196873
3196874 3196873
3196874 3196873
3196874 3196873
3196874 3196873
3196874 3196873
3196874 3196873
3196874 3196873
3196874 3196873
3196874 3196873
3196874 3196873
3196874 3196873
3196874 3196873
3196874 3196873
3196874 3196873
3196874 3196873
3196874 3196873
3196874 3196873
3196874 3196873
3196874 3196873
3196874 3196873
3196874 3196873
3196874 3196873
3196874 3196873
3196874 3196873
3196874 3196873
3196874 3196873
3196874 3196873
3196874 3196873
3196874 3196873
3196874 3196873
3196874 3196873
3196874 3196873
3196874 3196873
3196874 3196873
3196874 3196873
3196874 3196873
3196874 3196873
3196874 3196873
3196874 3196873
3196874 3196873
3196874 3196873
3196874 3196873
3196874 3196873
3196874 3196873
3196874 3196873
3196874 3196873
3196874 3196873
3196874 3196873
3196874 3196873
3196874 3196873
3196874 3196874
3196874 3196876
3196877 3196880
3196880 3196881
3196884 3196884
3196886 3196888
3196891 3196890
3196892 3196893
3196895 3196897
3196898 3196901
3196902 3196902
3196902 3196902
3196902 3196902
3196902 3196902
3196902 3196902
3196902 3196902
3196902 3196902
3196902 3196902
3196902 3196902
3196902 3196902
3196902 3196902
3196902 3196902
3196902 3196902
3196902 3196902
3196902 3196902
3196902 3196902
3196902 3196902
3196902 3196902
3196902 3196902
3196902 3196902
3196902 3196902
3196902 3196902
3196902 3196902
3196902 3196902
3196902 3196902
3196902 3196902
3196902 3196902
3196902 3196902
3196902 3196902
3196902 3196902
3196902 3196902
3196902 3196902
3196902 3196902
3196902 3196902
3196902 3196902
3196902 3196902
3196902 3196902
3196902 3196902
3196902 3196902
3196902 3196902
3196902 3196902
3196902 3196902
3196902 3196902
3196902 3196902
3196902 3196902
3196902 3196902
3196902 3196902
3196902 3196902
3196902 3196902
3196902 3196902
3196902 3196902
3196902 3196902
3196902 3196902
3196902 3196902
3196902 3196902
3196902 3196902
3196902 3196902
3196902 3196902
3196902 3196902
3196897 3196896
3196892 3196887
3196885 3196882
3196880 3196878
3196876 3196873
3196870 3196871
3196867 3196868
3196868 3196869
3196871 3196870
3196874 3196872
3196874 3196872
3196874 3196872
3196874 3196872
3196874 3196872
3196874 3196872
3196874 3196872
3196874 3196872
3196874 3196872
3196874 3196872
3196874 3196872
3196874 3196872
3196874 3196872
3196874 3196872
3196874 3196872
3196874 3196872
3196874 3196872
3196874 3196872
3196874 3196872
3196874 3196872
3196874 3196872
3196874 3196872
3196874 3196872
3196874 3196872
3196874 3196872
3196874 3196872
3196874 3196872
3196874 3196872
3196874 3196872
3196874 3196872
3196874 3196872
3196874 3196872
3196874 3196872
3196874 3196872
3196874 3196872
3196874 3196872
3196874 3196872
3196874 3196872
3196874 3196872
3196874 3196872
3196874 3196872
3196874 3196872
3196874 3196872
3196874 3196872
3196874 3196872
3196874 3196872
3196874 3196872
3196874 3196872
3196874 3196872
3196874 3196872
3196874 3196872
3196874 3196872
3196874 3196872
3196874 3196872
3196874 3196872
3196874 3196872
3196874 3196872
3196874 3196872
3196874 3196872
3196877 3196872
3196877 3196879
3196880 3196881
3196883 3196881
3196883 3196881
3196883 3196881
3196883 3196881
3196883 3196881
3196883 3196881
3196883 3196886
3196883 3196886
3196883 3196886
3196883 3196886
3196883 3196886
3196883 3196886
3196883 3196886
3196883 3196886
3196883 3196886
3196883 3196886
3196883 3196886
3196883 3196886
3196883 3196886
3196883 3196886
3196883 3196886
3196883 3196886
3196883 3196886
3196883 3196886
3196883 3196886
3196883 3196886
3196883 3196886
3196883 3196886
3196883 3196886
3196883 3196886
3196883 3196886
3196883 3196886
3196883 3196886
3196883 3196886
3196883 3196886
3196883 3196886
3196883 3196886
3196883 3196886
3196883 3196886
3196883 3196886
3196883 3196886
3196883 3196886
3196883 3196886
3196883 3196886
3196883 3196886
3196883 3196886
3196883 3196886
3196883 3196886
3196883 3196886
3196883 3196886
3196883 3196886
3196883 3196886
3196883 3196886
3196883 3196886
3196883 3196886
3196883 3196886
3196883 3196886
3196883 3196886
3196883 3196886
3196883 3196886
3196883 3196886
3196883 3196886
3196883 3196886
3196883 3196886
3196883 3196886
3196883 3196886
3196883 3196886
3196883 3196886
3196883 3196886
3196883 3196886
3196883 3196886
3196883 3196886
3196883 3196886
3196883 3196886
3196883 3196888
3196883 3196888
3196883 3196888
3196883 3196888
3196883 3196888
3196883 3196888
3196883 3196888
3196883 3196888
3196883 3196888
3196883 3196888
3196883 3196888
3196883 3196888
3196883 3196888
3196883 3196888
3196883 3196888
3196883 3196888
3196883 3196888
3196883 3196888
3196883 3196888
3196883 3196888
3196883 3196888
3196883 3196888
3196883 3196888
3196883 3196888
3196883 3196888
3196883 3196888
3196883 3196888
3196883 3196888
3196883 3196888
3196883 3196888
3196883 3196888
3196883 3196888
3196883 3196888
3196888 3196888
3196892 3196892
3196890 3196891
3196889 3196888
3196889 3196888
3196889 3196888
3196885 3196884
3196884 3196882
3196881 3196879
3196879 3196883
3196883 3196884
3196885 3196883
3196885 3196888
3196887 3196889
3196889 3196892
3196894 3196897
3196901 3196903
3196903 3196905
3196908 3196910
3196909 3196911
3196914 3196918
3196919 3196921
3196922 3196923
3196927 3196928
3196927 3196930
3196932 3196934
3196939 3196941
3196941 3196941
3196940 3196939
3196936 3196930
3196923 3196919
3196913 3196906
3196904 3196898
3196893 3196889
3196886 3196883
3196882 3196879
3196877 3196876
3196876 3196873
3196872 3196870
3196869 3196868
3196868 3196869
3196867 3196872
3196871 3196873
3196873 3196873
3196876 3196877
3196877 3196879
3196880 3196880
3196880 3196881
3196883 3196881
3196883 3196883
3196881 3196881
3196882 3196883
3196882 3196883
3196883 3196886
3196887 3196888
3196890 3196891
3196892 3196895
3196895 3196898
3196901 3196902
3196905 3196907
3196909 3196910
3196911 3196912
3196913 3196916
3196917 3196918
3196920 3196922
3196923 3196925
3196927 3196928
3196930 3196932
3196936 3196935
3196935 3196939
3196940 3196943
3196944 3196946
3196945 3196947
3196946 3196949
3196952 3196952
3196952 3196947
3196941 3196933
3196926 3196921
3196913 3196909
3196903 3196899
3196895 3196889
3196887 3196882
3196878 3196876
3196873 3196871
3196867 3196870
3196867 3196866
3196866 3196866
3196867 3196868
3196870 3196871
3196873 3196873
3196875 3196876
3196877 3196878
3196876 3196878
3196877 3196878
3196877 3196879
3196877 3196877
3196876 3196877
3196876 3196877
3196878 3196879
3196878 3196881
3196884 3196884
3196886 3196888
3196889 3196889
3196893 3196893
3196894 3196893
3196897 3196898
3196900 3196902
3196903 3196905
3196904 3196909
3196910 3196911
3196914 3196918
3196919 3196921
3196922 3196923
3196928 3196929
3196931 3196932
3196933 3196935
3196937 3196938
3196938 3196940
3196942 3196943
3196942 3196946
3196946 3196946
3196950 3196951
3196954 3196956
3196958 3196959
3196962 3196962
3196962 3196959
3196952 3196945
3196937 3196930
3196922 3196917
3196911 3196905
3196901 3196899
3196894 3196890
3196885 3196885
3196882 3196879
3196880 3196879
3196879 3196876
3196877 3196877
3196879 3196880
3196880 3196880
3196882 3196883
3196885 3196886
3196887 3196889
3196890 3196892
3196889 3196891
3196892 3196892
3196893 3196891
3196891 3196891
3196892 3196894
3196893 3196894
3196894 3196897
3196896 3196897
3196900 3196899
3196900 3196904
3196905 3196906
3196909 3196910
3196911 3196915
3196918 3196918
3196921 3196922
3196924 3196927
3196928 3196929
3196930 3196933
3196934 3196936
3196934 3196938
3196941 3196943
3196946 3196948
3196949 3196950
3196952 3196954
3196954 3196956
3196960 3196960
3196962 3196963
3196964 3196965
3196967 3196969
3196967 3196970
3196971 3196973
3196974 3196977
3196979 3196979
3196981 3196977
3196972 3196967
3196961 3196955
3196947 3196942
3196934 3196929
3196923 3196918
3196917 3196913
3196910 3196907
3196904 3196905
3196906 3196902
3196906 3196905
3196906 3196907
3196909 3196910
3196912 3196912
3196915 3196915
3196916 3196917
3196919 3196919
3196920 3196922
3196922 3196922
3196922 3196923
3196922 3196923
3196924 3196926
3196926 3196926
3196927 3196927
3196928 3196932
3196931 3196935
3196936 3196937
3196941 3196940
3196943 3196945
3196946 3196948
3196952 3196952
3196955 3196957
3196960 3196961
3196965 3196967
3196971 3196974
3196975 3196975
3196977 3196979
3196979 3196981
3196982 3196983
3196985 3196987
3196988 3196990
3196992 3196992
3196996 3196996
3196998 3196999
3197002 3197005
3197004 3197005
3197007 3197008
3197010 3197011
3197009 3197012
3197015 3197015
3197011 3197006
3197000 3196993
3196988 3196981
3196978 3196972
3196968 3196963
3196960 3196956
3196952 3196952
3196950 3196949
3196949 3196947
3196946 3196948
3196948 3196947
3196952 3196953
3196954 3196956
3196959 3196961
3196962 3196966
3196966 3196966
3196968 3196969
3196970 3196971
3196968 3196972
3196970 3196969
3196970 3196970
3196969 3196972
3196969 3196972
3196972 3196973
3196973 3196975
3196974 3196974
3196977 3196978
3196980 3196982
3196983 3196985
3196986 3196989
3196989 3196992
3196992 3196993
3196994 3196998
3196999 3197000
3197002 3197004
3197005 3197008
3197008 3197009
3197012 3197012
3197014 3197016
3197017 3197019
3197019 3197020
3197022 3197024
3197023 3197026
3197025 3197028
3197030 3197031
3197033 3197031
3197028 3197024
3197017 3197011
3197006 3197002
3196997 3196991
3196985 3196982
3196979 3196975
3196973 3196969
3196970 3196966
3196967 3196968
3196968 3196969
3196972 3196972
3196973 3196977
3196977 3196980
3196981 3196983
3196986 3196986
3196987 3196988
3196989 3196990
3196991 3196991
3196991 3196992
3196991 3196991
3196992 3196992
3196993 3196993
3196993 3196996
3196996 3196995
3196996 3196997
3196997 3197000
3197002 3197003
3197004 3197004
3197007 3197008
3197010 3197013
3197012 3197014
3197016 3197018
3197018 3197022
3197021 3197024
3197027 3197028
3197030 3197031
3197033 3197034
3197035 3197037
3197039 3197041
3197044 3197045
3197045 3197048
3197050 3197051
3197051 3197053
3197055 3197055
3197055 3197056
3197050 3197045
3197039 3197030
3197039 3197030
3197039 3197030
3197039 3197030
3197039 3197030
3197039 3197030
3197039 3197030
3197039 3197030
3197039 3197030
3197039 3197030
3197039 3197030
3197039 3197030
3197039 3197030
3197039 3197030
3197039 3197030
3197039 3197030
3197039 3197030
3197039 3197030
3197039 3197030
3197039 3197030
3197039 3197030
3197039 3197030
3197039 3197030
3197039 3197030
3197039 3197030
3197039 3197030
3197039 3197030
3197039 3197030
3197039 3197030
3197039 3197030
3197039 3197030
3197039 3197030
3197039 3197030
3197039 3197030
3197039 3197030
3197039 3197030
3197039 3197030
3197039 3197030
3197039 3197030
3197039 3197030
3197039 3197030
3197039 3197030
3197039 3197030
3197039 3197030
3197039 3197030
3197039 3197022
3197017 3197009
3197004 3196998
3196992 3196987
3196985 3196979
3196977 3196975
3196972 3196974
3196972 3196971
3196972 3196971
3196972 3196974
3196976 3196975
3196980 3196979
3196980 3196982
3196985 3196984
3196986 3196987
3196986 3196988
3196989 3196989
3196987 3196989
3196988 3196989
3196989 3196987
3196987 3196988
3196988 3196989
3196989 3196990
3196992 3196992
3196991 3196995
3196995 3196995
3196996 3196997
3197000 3197001
3197004 3197005
3197007 3197007
3197010 3197013
3197015 3197016
3197017 3197021
3197021 3197022
3197024 3197027
3197027 3197030
3197031 3197032
3197030 3197034
3197035 3197038
3197038 3197040
3197042 3197041
3197045 3197043
3197045 3197048
3197050 3197050
3197050 3197050
3197046 3197042
3197035 3197026
3197018 3197012
3197004 3196996
3196991 3196983
3196981 3196975
3196971 3196969
3196966 3196963
3196961 3196959
3196958 3196958
3196956 3196958
3196957 3196958
3196960 3196961
3196961 3196961
3196964 3196964
3196966 3196968
3196969 3196970
3196971 3196972
3196974 3196972
3196969 3196970
3196971 3196970
3196970 3196969
3196968 3196967
3196969 3196969
3196968 3196970
3196971 3196974
3196973 3196975
3196976 3196979
3196980 3196981
3196983 3196984
3196987 3196989
3196991 3196991
3196993 3196995
3196996 3196997
3196999 3197000
3197004 3197004
3197004 3197006
3197009 3197011
3197013 3197013
3197018 3197017
3197019 3197020
3197022 3197022
3197024 3197026
3197025 3197026
3197029 3197031
3197030 3197031
3197033 3197034
3197035 3197033
3197029 3197024
3197016 3197008
3197000 3196992
3196985 3196979
3196973 3196964
3196959 3196956
3196950 3196946
3196943 3196941
3196940 3196940
3196940 3196941
3196941 3196941
3196942 3196944
3196947 3196948
3196950 3196953
3196952 3196954
3196955 3196957
3196959 3196958
3196958 3196957
3196959 3196957
3196956 3196956
3196954 3196955
3196954 3196957
3196955 3196955
3196958 3196958
3196958 3196959
3196961 3196962
3196962 3196965
3196966 3196969
3196971 3196972
3196973 3196974
3196977 3196977
3196980 3196984
3196984 3196987
3196988 3196989
3196992 3196994
3196995 3196997
3197024 3197024
3197024 3197027
3197026 3197028
3197027 3197028
3197030 3197031
3197025 3197021
3197013 3197005
3196996 3196987
3196978 3196970
3196964 3196956
3196950 3196945
3196944 3196939
3196937 3196934
3196933 3196933
3196931 3196931
3196929 3196931
3196932 3196935
3196935 3196937
3196937 3196941
3196941 3196942
3196944 3196943
3196945 3196943
3196943 3196942
3196941 3196941
3196940 3196939
3196936 3196936
3196937 3196936
3196936 3196937
3196936 3196937
3196936 3196937
3196938 3196941
3196941 3196941
3196945 3196943
3196946 3196947
3196950 3196951
3196952 3196952
3196955 3196956
3196957 3196961
3196962 3196963
3196965 3196968
3196965 3196970
3196971 3196974
3196972 3196974
3196976 3196975
3196978 3196977
3196980 3196982
3196984 3196986
3196985 3196987
3196987 3196990
3196991 3196991
3196988 3196985
3196977 3196969
3196959 3196952
3196944 3196936
3196929 3196922
3196917 3196912
3196907 3196904
3196901 3196898
3196895 3196895
3196895 3196895
3196896 3196897
3196897 3196898
3196901 3196901
3196904 3196905
3196907 3196908
3196911 3196911
3196910 3196910
3196910 3196910
3196909 3196909
3196909 3196908
3196907 3196905
3196905 3196907
3196906 3196906
3196907 3196907
3196908 3196910
3196909 3196912
3196912 3196912
3196915 3196916
3196919 3196919
3196921 3196924
3196924 3196926
3196928 3196930
3196932 3196934
3196936 3196938
3196940 3196942
3196945 3196944
3196945 3196950
3196951 3196952
3196953 3196953
3196955 3196957
3196957 3196959
3196962 3196963
3196963 3196964
3196969 3196967
3196970 3196971
3196967 3196961
3196955 3196946
3196938 3196927
3196917 3196910
3196899 3196893
3196890 3196883
3196877 3196872
3196867 3196864
3196862 3196859
3196857 3196855
3196855 3196856
3196853 3196856
3196853 3196856
3196853 3196856
3196853 3196856
3196853 3196856
3196853 3196856
3196853 3196856
3196853 3196856
3196853 3196856
3196853 3196856
3196853 3196856
3196853 3196856
3196853 3196856
3196853 3196856
3196853 3196856
3196853 3196856
3196853 3196856
3196853 3196856
3196853 3196856
3196853 3196856
3196853 3196856
3196853 3196856
3196853 3196856
3196853 3196856
3196853 3196856
3196853 3196856
3196853 3196856
3196853 3196856
3196853 3196856
3196853 3196856
3196853 3196856
3196853 3196856
3196853 3196856
3196853 3196856
3196853 3196856
3196853 3196856
3196853 3196856
3196853 3196856
3196853 3196856
3196853 3196856
3196853 3196856
3196853 3196856
3196853 3196856
3196853 3196856
3196853 3196856
3196853 3196856
3196853 3196856
3196855 3196856
3196855 3196857
3196859 3196857
3196859 3196857
3196859 3196857
3196859 3196857
3196859 3196857
3196859 3196857
3196859 3196857
3196859 3196857
3196859 3196857
3196859 3196857
3196859 3196857
3196859 3196857
3196859 3196857
3196859 3196857
3196859 3196857
3196859 3196857
3196859 3196857
3196859 3196857
3196859 3196857
3196859 3196857
3196859 3196857
3196859 3196857
3196859 3196857
3196859 3196857
3196859 3196857
3196859 3196857
3196859 3196857
3196859 3196857
3196859 3196857
3196859 3196857
3196859 3196857
3196859 3196857
3196859 3196857
3196859 3196857
3196859 3196857
3196859 3196857
3196859 3196857
3196859 3196857
3196859 3196857
3196859 3196857
3196859 3196857
3196859 3196857
3196859 3196857
3196859 3196857
3196859 3196857
3196859 3196857
3196859 3196857
3196859 3196857
3196859 3196857
3196859 3196857
3196859 3196857
3196859 3196857
3196859 3196857
3196859 3196857
3196859 3196857
3196859 3196857
3196859 3196857
3196859 3196857
3196859 3196857
3196860 3196857
3196859 3196860
3196862 3196863
3196862 3196862
3196862 3196860
3196861 3196859
3196858 3196858
3196858 3196857
3196857 3196856
3196856 3196856
3196856 3196856
3196856 3196856
3196856 3196856
3196856 3196856
3196856 3196856
3196856 3196856
3196856 3196856
3196856 3196856
3196856 3196856
3196856 3196856
3196856 3196856
3196856 3196856
3196856 3196856
3196856 3196856
3196856 3196856
3196856 3196856
3196856 3196856
3196856 3196856
3196856 3196856
3196856 3196856
3196856 3196856
3196856 3196856
3196856 3196856
3196856 3196856
3196856 3196856
3196856 3196856
3196856 3196856
