106.2952
3203880 3210577
3203887 3210577
3203881 3210576
3203871 3210577
3203865 3210577
3203857 3210576
3203853 3210576
3203850 3210577
3203845 3210578
3203845 3210577
3203844 3210577
3203845 3210576
3203843 3210576
3203838 3210577
3203836 3210576
3203832 3210578
3203830 3210578
3203828 3210577
3203825 3210578
3203825 3210577
3203826 3210578
3203826 3210576
3203826 3210578
3203826 3210577
3203822 3210577
3203818 3210576
3203814 3210577
3203808 3210576
3203801 3210576
3203791 3210577
3203780 3210577
3203769 3210576
3203760 3210575
3203748 3210577
3203738 3210576
3203731 3210576
3203722 3210577
3203715 3210576
3203709 3210576
3203702 3210576
3203692 3210575
3203685 3210576
3203677 3210576
3203671 3210576
3203664 3210576
3203656 3210576
3203648 3210576
3203640 3210575
3203633 3210575
3203625 3210576
3203620 3210577
3203611 3210576
3203604 3210576
3203598 3210576
3203592 3210577
3203587 3210576
3203582 3210576
3203578 3210576
3203572 3210576
3203567 3210576
3203561 3210576
3203555 3210576
3203549 3210576
3203543 3210575
3203541 3210575
3203537 3210576
3203532 3210575
3203526 3210576
3203524 3210576
3203521 3210576
3203512 3210575
3203505 3210576
3203498 3210576
3203497 3210576
3203497 3210576
3203491 3210576
3203490 3210575
3203485 3210576
3203480 3210577
3203473 3210577
3203471 3210576
3203467 3210576
3203465 3210575
3203462 3210576
3203459 3210576
3203457 3210576
3203455 3210576
3203452 3210577
3203451 3210575
3203447 3210575
3203446 3210576
3203445 3210575
3203439 3210577
3203435 3210575
3203434 3210577
3203431 3210575
3203427 3210577
3203424 3210576
3203421 3210577
3203418 3210576
3196041 3210576
3196039 3210575
3196034 3210576
3196031 3210576
3196028 3210576
3196025 3210577
3196020 3210575
3196017 3210576
3196016 3210576
3196014 3210577
3196012 3210577
3196010 3210576
3196008 3210576
3196006 3210576
3196007 3210576
3196003 3210575
3196001 3210576
3195999 3210576
3195996 3210576
3195996 3210576
3195993 3210575
3195994 3210575
3195991 3210575
3195987 3210576
3195981 3210575
3195975 3210576
3195966 3210577
3195958 3210576
3195948 3210576
3195940 3210576
3195935 3210576
3195925 3210576
3195918 3210577
3195911 3210575
3195903 3210576
3195897 3210575
3195892 3210575
3195885 3210576
3195879 3210575
3195872 3210575
3195867 3210575
3195862 3210575
3195858 3210576
3195853 3210576
3195852 3210576
3195848 3210575
3195847 3210575
3195845 3210576
3195843 3210576
3195843 3210576
3195842 3210576
3195842 3210576
3195842 3210575
3195843 3210576
3195840 3210576
3195839 3210576
3195836 3210577
3195837 3210575
3195836 3210575
3195835 3210576
3195831 3210575
3195831 3210576
3195827 3210576
3195825 3210576
3195822 3210575
3195820 3210575
3195817 3210577
3195814 3210577
3195811 3210575
3195811 3210575
3195808 3210575
3195808 3210575
3195805 3210576
3195805 3210576
3195805 3210576
3195807 3210576
3195807 3210575
3195804 3210576
3195804 3210574
3195803 3210576
3195801 3210576
3195802 3210576
3195802 3210576
3195803 3210575
3195803 3210576
3195804 3210576
3195802 3210575
3195800 3210575
3195801 3210576
3195803 3210576
3195801 3210576
3195800 3210576
3195802 3210574
3195802 3210577
3195801 3210576
3195801 3210576
3195802 3210576
3195803 3210577
3195802 3210575
3195803 3210576
3210597 3210573
3210595 3210574
3210596 3210573
3210596 3210573
3210596 3210573
3210595 3210574
3210596 3210574
3210596 3210573
3210596 3210574
3210595 3210574
3210595 3210573
3210596 3210573
3210596 3210573
3210596 3210573
3210596 3210573
3210596 3210573
3210596 3210573
3210596 3210574
3210597 3210573
3210597 3210573
3210596 3210574
3210597 3210573
3210596 3210573
3210597 3210573
3210595 3210574
3210596 3210573
3210596 3210573
3210597 3210573
3210596 3210574
3210596 3210573
3210596 3210574
3210595 3210572
3210596 3210573
3210595 3210573
3210596 3210574
3210596 3210574
3210596 3210574
3210596 3210573
3210595 3210573
3210596 3210573
3210596 3210574
3210596 3210573
3210596 3210574
3210596 3210573
3210596 3210573
3210596 3210573
3210596 3210573
3210597 3210573
3210596 3210574
3210595 3210573
3210597 3210573
3210597 3210573
3210597 3210573
3210596 3210573
3210596 3210573
3210596 3210573
3210596 3210573
3210595 3210572
3210595 3210575
3210595 3210573
3210596 3210574
3210596 3210573
3210596 3210574
3210596 3210572
3210596 3210573
3210595 3210573
3210596 3210574
3210595 3210573
3210596 3210573
3210596 3210574
3210596 3210574
3210596 3210574
3210596 3210573
3210595 3210573
3210596 3210574
3210595 3210573
3210596 3210574
3210596 3210573
3210596 3210573
3210596 3210573
3210596 3210574
3210597 3210573
3210595 3210573
3210595 3210574
3210597 3210573
3210595 3210574
3210596 3210574
3210596 3210573
3210595 3210574
3210596 3210574
3210596 3210573
3210595 3210573
3210596 3210573
3210595 3210574
3210596 3210573
3210596 3210573
3210596 3210573
3210595 3210572
3210595 3210572
3210595 3210573
3210595 3204834
3210596 3204835
3210595 3204837
3210596 3204839
3210595 3204842
3210595 3204843
3210595 3204844
3210595 3204848
3210595 3204847
3210594 3204848
3210595 3204848
3210595 3204849
3210596 3204851
3210595 3204852
3210594 3204853
3210595 3204855
3210595 3204855
3210595 3204855
3210595 3204856
3210594 3204859
3210595 3204858
3210596 3204860
3210594 3204860
3210594 3204861
3210594 3204862
3210594 3204863
3210594 3204865
3210595 3204864
3210595 3204863
3210595 3204864
3210595 3204865
3210595 3204865
3210594 3204867
3210595 3204866
3210595 3204869
3210595 3204867
3210595 3204869
3210595 3204872
3210595 3204873
3210594 3204876
3210594 3204876
3210594 3204877
3210595 3204876
3210595 3204877
3210595 3204874
3210594 3204874
3210594 3204873
3210595 3204871
3210594 3204869
3210595 3204870
3210594 3204868
3210595 3204868
3210596 3204865
3210594 3204867
3210594 3204864
3210594 3204861
3210594 3204859
3210595 3204858
3210595 3204856
3210595 3204856
3210595 3204857
3210594 3204855
3210595 3204853
3210595 3204853
3210594 3204851
3210596 3204852
3210595 3204849
3210594 3204850
3210595 3204851
3210594 3204852
3210595 3204853
3210595 3204851
3210595 3204852
3210595 3204852
3210594 3204852
3210595 3204853
3210596 3204853
3210595 3204853
3210596 3204854
3210594 3204854
3210595 3204857
3210594 3204856
3210595 3204855
3210595 3204856
3210595 3204858
3210594 3204858
3210595 3204858
3210595 3204858
3210595 3204859
3210594 3204858
3210593 3204860
3210595 3204861
3210595 3204861
3210595 3204863
3210596 3204862
3210594 3204865
3210595 3204865
3210595 3204868
3210595 3204869
3210595 3204870
3210594 3197350
3210594 3197351
3210595 3197352
3210595 3197352
3210595 3197353
3210595 3197354
3210595 3197355
3210595 3197356
3210595 3197356
3210595 3197358
3210594 3197359
3210595 3197357
3210595 3197360
3210594 3197361
3210595 3197358
3210595 3197359
3210594 3197360
3210594 3197362
3210595 3197362
3210595 3197361
3210596 3197363
3210596 3197364
3210594 3197363
3210595 3197364
3210596 3197363
3210595 3197367
3210595 3197367
3210594 3197368
3210594 3197367
3210594 3197369
3210595 3197370
3210596 3197370
3210594 3197371
3210595 3197372
3210596 3197372
3210595 3197374
3210595 3197373
3210596 3197376
3210595 3197377
3210595 3197376
3210595 3197375
3210594 3197376
3210595 3197377
3210594 3197377
3210594 3197380
3210595 3197380
3210595 3197379
3210595 3197382
3210594 3197383
3210595 3197382
3210594 3197384
3210595 3197383
3210595 3197383
3210594 3197385
3210594 3197385
3210595 3197384
3210595 3197384
3210595 3197383
3210594 3197383
3210595 3197382
3210595 3197381
3210595 3197382
3210595 3197382
3210594 3197383
3210595 3197382
3210595 3197381
3210595 3197382
3210595 3197382
3210595 3197382
3210595 3197383
3210594 3197382
3210595 3197382
3210595 3197383
3210595 3197385
3210596 3197384
3210594 3197386
3210594 3197386
3210594 3197384
3210595 3197385
3210595 3197386
3210595 3197387
3210594 3197387
3210594 3197388
3210594 3197388
3210595 3197389
3210596 3197388
3210595 3197390
3210594 3197390
3210595 3197389
3210594 3197389
3210595 3197389
3210594 3197389
3210595 3197390
3210594 3197390
3210595 3197389
3210595 3197390
3210593 3197391
3210595 3197389
3210595 3197391
3210595 3197392
3149510 3191123
3149512 3191124
3149513 3191123
3149513 3191126
3149513 3191124
3149513 3191125
3149514 3191123
3149515 3191126
3149515 3191124
3149516 3191124
3149515 3191125
3149516 3191126
3149516 3191126
3149516 3191125
3149517 3191127
3149516 3191126
3149517 3191128
3149516 3191126
3149516 3191126
3149517 3191128
3149517 3191128
3149519 3191129
3149518 3191129
3149517 3191129
3149518 3191127
3149518 3191128
3149518 3191128
3149518 3191128
3149518 3191129
3149519 3191129
3149519 3191132
3149518 3191131
3149519 3191132
3149519 3191129
3149519 3191132
3149519 3191131
3149520 3191131
3149519 3191132
3149519 3191132
3149518 3191132
3149520 3191132
3149520 3191133
3149520 3191134
3149520 3191133
3149521 3191133
3149520 3191135
3149521 3191136
3149521 3191138
3149520 3191137
3149521 3191138
3149521 3191139
3149522 3191140
3149521 3191139
3149521 3191141
3149522 3191140
3149521 3191141
3149521 3191141
3149522 3191140
3149520 3191138
3149520 3191136
3149521 3191136
3149519 3191134
3149520 3191134
3149520 3191132
3149519 3191132
3149520 3191133
3149520 3191132
3149520 3191134
3149520 3191133
3149520 3191133
3149521 3191131
3149520 3191132
3149519 3191131
3149521 3191131
3149520 3191133
3149521 3191132
3149520 3191131
3149521 3191133
3149520 3191131
3149521 3191132
3149521 3191132
3149519 3191131
3149522 3191133
3149520 3191133
3149522 3191133
3149520 3191135
3149521 3191133
3149521 3191134
3149522 3191135
3149521 3191134
3149520 3191134
3149520 3191134
3149521 3191133
3149520 3191133
3149521 3191133
3149521 3191135
3149522 3191133
3149520 3191134
3149522 3191133
3149521 3191133
3191130 3149521
3149521 3191134
3149521 3191133
3149521 3191133
3149522 3191132
3149521 3191132
3149521 3191132
3149522 3191132
3149521 3191131
3149520 3191132
3149521 3191134
3149522 3191134
3149521 3191134
3149522 3191132
3149523 3191133
3149522 3191134
3149522 3191134
3149523 3191134
3149520 3191134
3149523 3191135
3149522 3191134
3149523 3191135
3149522 3191135
3149522 3191136
3149523 3191137
3149523 3191137
3149523 3191136
3149523 3191136
3149522 3191139
3149524 3191138
3149523 3191139
3149524 3191138
3149523 3191138
3149523 3191139
3149524 3191139
3149524 3191139
3149522 3191139
3149523 3191139
3149524 3191140
3149524 3191140
3149524 3191142
3149525 3191141
3149524 3191142
3149524 3191142
3149524 3191142
3149524 3191142
3149525 3191141
3149523 3191141
3149525 3191143
3149525 3191144
3149524 3191143
3149524 3191143
3149524 3191141
3149524 3191143
3149523 3191145
3149524 3191144
3149525 3191144
3149525 3191145
3149525 3191147
3149525 3191145
3149525 3191146
3149525 3191145
3149525 3191146
3149527 3191146
3149525 3191146
3149526 3191147
3149526 3191147
3149525 3191148
3149526 3191147
3149526 3191147
3149525 3191147
3149525 3191148
3149525 3191147
3149527 3191148
3149526 3191146
3149525 3191144
3149525 3191143
3149523 3191141
3149523 3191142
3149524 3191140
3149523 3191138
3149523 3191136
3149524 3191135
3149523 3191133
3149523 3191133
3149523 3191131
3149523 3191130
3149523 3191129
3149522 3191127
3149523 3191127
3149522 3191127
3149522 3191125
3149522 3191124
3149521 3191124
3149521 3191124
3149522 3191122
3149523 3191122
3149523 3191120
3149522 3191120
3149522 3191119
3149522 3191118
3149521 3191118
3149521 3191118
3149521 3191118
3149520 3191116
3149522 3191115
3149521 3191114
3149521 3191114
3149520 3191111
3149520 3191112
3149522 3191109
3149521 3191109
3149522 3191105
3149520 3191105
3149521 3191104
3149520 3191102
3149520 3191100
3149519 3191098
3149520 3191097
3149519 3191096
3149519 3191094
3149520 3191095
3149520 3191093
3149519 3191093
3149520 3191093
3149520 3191094
3149519 3191092
3149520 3191093
3149520 3191092
3149521 3191093
3149519 3191091
3149519 3191091
3149520 3191092
3149520 3191093
3149520 3191093
3149519 3191092
3149520 3191092
3149520 3191091
3149519 3191091
3149521 3191091
3149521 3191092
3149520 3191092
3149521 3191090
3149520 3191090
3149520 3191089
3149520 3191090
3149520 3191088
3149521 3191088
3149521 3191088
3149521 3191088
3149520 3191089
3149520 3191089
3149520 3191087
3149520 3191087
3149520 3191087
3149520 3191087
3149521 3191086
3149521 3191087
3149520 3191087
3149520 3191086
3149520 3191086
3149520 3191085
3149520 3191086
3149521 3191087
3149521 3191087
3149520 3191085
3149521 3191084
3149521 3191085
3149520 3191084
3149521 3191086
3149520 3191085
3149522 3191085
3149521 3191084
3149520 3191085
3149521 3191085
3149521 3191084
3149521 3191084
3149521 3191085
3149521 3191083
3149520 3191083
3149521 3191084
3149523 3191083
3149523 3191085
3149522 3191086
3149522 3191086
3149521 3191086
3149521 3191085
3149522 3191084
3149523 3191086
3149521 3191087
3149522 3191087
3149522 3191087
3149523 3191086
3149522 3191085
3149521 3191086
3149522 3191085
3149522 3191082
3149521 3191082
3149521 3191077
3149520 3191077
3149519 3191073
3149520 3191073
3149519 3191070
3149519 3191068
3149519 3191066
3149519 3191065
3149518 3191062
3149519 3191060
3149518 3191059
3149519 3191058
3149518 3191056
3149517 3191054
3149518 3191054
3149516 3191051
3149517 3191051
3149518 3191051
3149515 3191048
3149515 3191047
3149515 3191046
3149516 3191044
3149516 3191044
3149516 3191041
3149515 3191042
3149517 3191042
3149517 3191039
3149515 3191039
3149515 3191038
3149514 3191040
3149516 3191037
3149516 3191036
3149514 3191035
3149516 3191036
3149514 3191035
3149515 3191034
3149516 3191032
3149515 3191032
3149514 3191029
3149515 3191029
3149514 3191029
3149514 3191026
3149513 3191028
3149514 3191026
3149513 3191023
3149515 3191021
3149514 3191022
3149514 3191022
3149513 3191020
3149513 3191020
3149513 3191022
3149514 3191021
3149513 3191019
3149513 3191021
3149513 3191020
3149514 3191018
3149513 3191020
3149515 3191019
3149514 3191018
3149514 3191019
3149514 3191017
3149514 3191018
3149514 3191020
3149514 3191019
3149514 3191018
3149513 3191019
3149514 3191019
3149514 3191018
3149514 3191019
3149513 3191017
3149513 3191018
3149513 3191016
3149513 3191017
3149514 3191016
3149514 3191015
3149514 3191016
3149514 3191016
3149514 3191015
3149513 3191016
3149514 3191013
3149513 3191014
3149514 3191015
3149513 3191016
3149513 3191016
3149515 3191015
3149513 3191014
3149513 3191015
3149513 3191016
3149512 3191017
3149514 3191017
3149514 3191016
3149514 3191015
3149514 3191015
3149513 3191015
3149514 3191016
3149514 3191016
3149514 3191016
3149513 3191016
3149515 3191017
3149513 3191019
3149515 3191016
3149514 3191017
3191019 3149514
3149514 3191020
3149514 3191020
3149514 3191022
3149514 3191021
3149515 3191022
3149515 3191024
3149515 3191026
3149515 3191026
3149514 3191028
3149515 3191026
3149515 3191027
3149514 3191026
3149514 3191025
3149514 3191025
3149514 3191023
3149513 3191020
3149512 3191017
3149512 3191017
3149513 3191015
3149512 3191013
3149512 3191012
3149512 3191008
3149511 3191009
3149511 3191008
3149511 3191007
3149510 3191006
3149510 3191006
3149511 3191004
3149509 3191004
3149510 3191004
3149510 3191004
3149510 3191002
3149510 3191003
3149510 3191002
3149510 3191001
3149509 3191002
3149510 3191002
3149510 3191001
3149509 3191001
3149509 3191000
3149511 3191002
3149510 3191002
3149511 3191002
3149510 3191002
3149510 3191001
3149510 3190999
3149510 3191000
3149509 3191000
3149510 3190999
3149510 3190998
3149509 3190998
3149508 3190999
3149509 3190996
3149509 3190997
3149509 3190996
3149510 3190996
3149508 3190997
3149509 3190996
3149510 3190997
3149509 3190996
3149509 3190995
3149510 3190996
3149509 3190996
3149508 3190997
3149510 3190996
3149510 3190998
3149511 3190996
3149509 3190996
3149510 3190997
3149509 3190997
3149510 3190998
3149509 3191000
3149510 3191000
3149510 3191001
3149510 3191000
3149511 3191000
3149509 3191002
3149510 3191002
3149509 3191002
3149511 3191002
3149511 3191004
3149511 3191002
3149511 3191004
3149510 3191005
3149511 3191005
3149510 3191004
3149511 3191006
3149511 3191007
3149511 3191006
3149511 3191008
3149511 3191007
3149511 3191007
3149511 3191008
3149511 3191009
3149511 3191010
3149511 3191008
3149512 3191009
3149512 3191010
3149512 3191012
3149511 3191012
3149511 3191012
3149512 3191013
3149511 3191013
3149513 3191013
3149512 3191012
3149511 3191012
3149511 3191014
3149513 3191016
3149513 3191013
3149511 3191014
3149512 3191014
3149511 3191015
3149512 3191013
3149512 3191014
3149511 3191012
3149512 3191010
3149511 3191010
3149510 3191008
3149511 3191009
3149511 3191008
3149510 3191004
3149509 3191004
3149510 3191005
3149510 3191004
3149509 3191003
3149509 3191003
3149509 3191001
3149509 3191000
3149510 3191000
3149509 3191001
3149509 3191001
3149509 3190999
3149509 3190999
3149509 3190999
3149509 3191000
3149509 3191000
3149509 3190999
3149509 3190999
3149508 3190999
3149509 3191000
3149509 3190998
3149508 3191000
3149509 3191001
3149509 3190999
3149509 3191000
3149509 3191002
3149509 3191000
3149509 3191000
3149509 3191000
3149509 3190999
3149509 3191000
3149509 3190998
3149509 3191001
3149509 3191000
3149508 3191000
3149509 3191000
3149509 3191001
3149509 3191001
3149508 3191001
3149510 3191000
3149508 3191001
3149509 3191001
3149509 3191001
3149509 3191003
3149510 3191001
3149510 3191002
3149509 3191004
3149507 3191005
3149509 3191005
3149509 3191004
3149510 3191005
3149510 3191004
3149510 3191007
3149510 3191008
3149510 3191008
3149512 3191007
3149511 3191009
3149511 3191010
3149510 3191012
3149511 3191011
3149510 3191011
3149511 3191012
3149511 3191013
3149511 3191014
3149510 3191017
3149511 3191016
3149511 3191016
3149511 3191017
3149513 3191017
3149511 3191017
3149511 3191017
3149510 3191018
3149512 3191019
3149512 3191019
3149512 3191019
3149512 3191022
3149512 3191022
3149512 3191022
3149511 3191023
3191024 3149511
3149514 3191026
3149514 3191025
3149513 3191026
3149513 3191027
3149513 3191028
3149514 3191028
3149513 3191029
3149514 3191028
3149513 3191028
3149512 3191029
3149513 3191030
3149513 3191031
3149514 3191032
3149514 3191033
3149513 3191033
3149513 3191035
3149515 3191036
3149515 3191036
3149515 3191037
3149514 3191037
3149515 3191039
3149514 3191040
3149513 3191039
3149515 3191043
3149515 3191044
3149516 3191043
3149515 3191044
3149516 3191043
3149515 3191046
3149516 3191045
3149515 3191045
3149515 3191045
3149516 3191044
3149514 3191044
3149514 3191044
3149515 3191041
3149513 3191040
3149513 3191040
3149514 3191038
3149514 3191037
3149513 3191036
3149513 3191035
3149513 3191036
3149513 3191036
3149514 3191035
3149512 3191032
3149514 3191033
3149513 3191032
3149514 3191033
3149513 3191033
3149514 3191033
3149513 3191034
3149512 3191032
3149513 3191033
3149512 3191033
3149513 3191033
3149513 3191032
3149513 3191033
3149514 3191032
3149512 3191033
3149512 3191033
3149512 3191034
3149513 3191033
3149513 3191035
3149513 3191033
3149513 3191035
3149513 3191033
3149513 3191034
3149513 3191033
3149513 3191034
3149512 3191033
3149513 3191032
3149513 3191033
3149513 3191034
3149514 3191034
3149513 3191034
3149513 3191035
3149513 3191033
3149513 3191034
3149512 3191034
3149513 3191032
3149514 3191035
3149512 3191034
3149513 3191034
3149513 3191033
3149513 3191034
3149513 3191036
3149513 3191037
3149513 3191036
3149513 3191037
3149514 3191037
3149513 3191037
3149513 3191039
3149514 3191039
3149513 3191039
3149514 3191039
3149514 3191040
3149514 3191039
3149515 3191039
3191042 3149515
3149514 3191041
3149515 3191042
3149515 3191042
3149515 3191043
3149515 3191045
3149514 3191044
3149515 3191044
3149515 3191043
3149515 3191045
3149516 3191045
3149515 3191046
3149514 3191046
3149514 3191045
3149515 3191047
3149517 3191048
3149515 3191047
3149515 3191048
3149516 3191048
3149516 3191047
3149516 3191048
3149515 3191051
3149516 3191050
3149516 3191050
3149517 3191051
3149517 3191051
3149517 3191052
3149517 3191052
3149517 3191053
3149515 3191054
3149516 3191054
3149517 3191055
3149517 3191055
3149517 3191054
3149517 3191055
3149517 3191055
3149517 3191055
3149517 3191057
3149517 3191056
3149517 3191057
3149518 3191058
3149518 3191059
3149519 3191059
3149518 3191058
3149518 3191060
3149518 3191062
3149519 3191061
3149517 3191062
3149519 3191063
3149518 3191063
3149519 3191062
3149519 3191064
3149519 3191064
3149518 3191065
3149518 3191066
3149518 3191064
3149519 3191066
3149519 3191065
3149519 3191065
3149518 3191065
3149519 3191064
3149517 3191063
3149517 3191062
3149518 3191060
3149516 3191059
3149517 3191057
3149517 3191056
3149516 3191056
3149516 3191054
3149516 3191055
3149516 3191052
3149517 3191052
3149517 3191053
3149515 3191054
3149516 3191052
3149517 3191053
3149517 3191051
3149516 3191052
3149516 3191052
3149517 3191050
3149516 3191049
3149517 3191050
3149517 3191050
3149516 3191049
3149515 3191051
3149516 3191050
3149517 3191047
3149516 3191049
3149515 3191049
3149515 3191048
3149516 3191049
3149517 3191048
3149516 3191048
3149516 3191048
3149516 3191048
3149516 3191048
3149516 3191047
3149516 3191046
3149517 3191046
3149516 3191045
3149515 3191046
3149517 3191046
3149516 3191045
3149515 3191044
3149516 3191046
3149515 3191046
3149516 3191046
3149516 3191044
3149515 3191045
3149517 3191045
3149516 3191045
3149516 3191045
3149517 3191045
3149516 3191043
3149515 3191045
3149515 3191045
3149516 3191046
3149515 3191044
3149516 3191046
3149516 3191046
3149516 3191047
3149517 3191047
3149517 3191046
3149517 3191045
3149517 3191047
3149517 3191047
3149517 3191048
3149517 3191047
3149516 3191048
3149517 3191048
3149517 3191050
3149517 3191050
3149517 3191051
3149516 3191049
3149517 3191050
3149518 3191048
3149517 3191050
3149517 3191050
3149517 3191050
3149518 3191050
3149518 3191050
3149518 3191049
3149516 3191051
3149518 3191050
3149517 3191049
3149518 3191050
3149517 3191051
3149518 3191050
3149517 3191049
3149518 3191049
3149518 3191049
3149517 3191051
3149517 3191049
3149518 3191050
3149518 3191050
3149518 3191050
3149518 3191051
3149518 3191052
3149517 3191052
3149518 3191052
3149518 3191053
3149518 3191052
3149518 3191052
3149518 3191054
3149519 3191055
3149518 3191055
3149518 3191056
3149518 3191055
3149518 3191056
3149519 3191055
3149519 3191056
3149519 3191056
3149518 3191052
3149517 3191053
3149518 3191052
3149518 3191050
3149517 3191049
3149517 3191047
3149517 3191045
3149517 3191044
3149516 3191044
3149517 3191043
3149517 3191043
3149516 3191043
3149516 3191040
3149516 3191039
3149517 3191039
3149516 3191037
3149516 3191039
3149516 3191038
3149516 3191038
3149517 3191038
3149517 3191038
3149514 3191036
3149516 3191038
3149516 3191037
3149516 3191036
3149516 3191034
3149515 3191036
3149516 3191036
3149516 3191036
3149517 3191034
3149516 3191033
3149517 3191033
3149516 3191033
3149515 3191034
3149516 3191031
3149516 3191032
3149515 3191030
3149516 3191031
3149515 3191031
3149515 3191030
3149516 3191031
3149516 3191030
3149515 3191029
3149515 3191030
3149515 3191029
3149515 3191028
3149516 3191027
3149515 3191027
3149516 3191028
3149516 3191028
3149515 3191027
3149516 3191026
3149514 3191027
3149516 3191027
3149515 3191026
3149515 3191028
3149515 3191028
3149515 3191027
3149515 3191029
3149515 3191026
3149516 3191027
3149516 3191028
3149516 3191026
3149516 3191026
3149516 3191025
3149516 3191026
3149516 3191026
3149517 3191027
3149516 3191027
3149516 3191027
3149516 3191026
3149516 3191026
3149516 3191027
3149516 3191028
3149517 3191028
3149516 3191029
3149515 3191029
3149517 3191027
3149516 3191028
3149516 3191029
3149516 3191029
3149516 3191029
3149516 3191029
3149516 3191028
3149517 3191028
3149517 3191028
3149517 3191028
3149515 3191029
3149516 3191029
3149517 3191027
3149518 3191027
3149516 3191028
3149517 3191028
3149515 3191030
3149517 3191029
3149517 3191028
3149516 3191028
3149517 3191029
3149517 3191029
3149517 3191029
3149517 3191029
3149518 3191030
3149518 3191031
3149516 3191029
3149517 3191030
3149516 3191028
3149516 3191027
3149517 3191026
3149516 3191022
3149516 3191020
3149515 3191017
3149516 3191015
3149515 3191013
3149515 3191013
3149515 3191011
3149514 3191009
3149515 3191007
3149514 3191006
3149513 3191006
3149514 3191003
3149514 3191002
3149512 3191000
3149513 3191000
3149514 3190999
3149513 3190999
3149513 3190998
3149513 3190996
3149514 3190996
3149513 3190996
3149513 3190996
3149513 3190994
3149513 3190993
3149512 3190994
3149513 3190992
3149512 3190993
3149512 3190993
3149511 3190993
3149513 3190992
3149512 3190991
3149512 3190990
3149511 3190989
3149512 3190989
3149511 3190988
3149511 3190987
3149511 3190987
3149512 3190986
3149511 3190984
3149511 3190984
3149511 3190985
3149511 3190983
3149510 3190983
3149510 3190982
3149512 3190981
3149510 3190981
3149512 3190980
3149511 3190979
3149510 3190980
3149511 3190979
3149511 3190979
3149511 3190979
3149511 3190979
3149511 3190978
3149511 3190979
3149511 3190977
3149510 3190978
3149513 3190978
3149512 3190978
3149510 3190980
3149512 3190977
3149512 3190980
3149512 3190979
3149510 3190980
3149511 3190980
3149512 3190980
3149511 3190981
3149512 3190980
3149511 3190980
3149511 3190980
3149511 3190979
3149512 3190980
3149511 3190980
3149512 3190979
3149512 3190980
3149512 3190980
3149511 3190982
3149511 3190981
3149511 3190981
3149513 3190982
3149511 3190982
3149510 3190980
3149512 3190980
3149512 3190982
3149512 3190981
3149512 3190981
3149511 3190982
3149512 3190981
3149512 3190981
3149512 3190982
3149513 3190984
3149512 3190982
3149513 3190982
3149512 3190982
3149511 3190983
3149512 3190984
3149513 3190984
3149511 3190984
3149512 3190985
3149513 3190986
3149513 3190986
3149513 3190987
3149513 3190986
3149513 3190987
3149512 3190986
3149513 3190988
3149513 3190989
3149514 3190990
3149513 3190989
3149512 3190989
3149514 3190989
3149513 3190990
3149513 3190991
3149514 3190990
3149514 3190991
3149513 3190991
3149514 3190993
3149513 3190992
3149514 3190992
3149514 3190994
3149513 3190993
3149515 3190995
3149514 3190995
3149515 3190995
3149514 3190996
3149514 3190995
3149515 3190995
3149513 3190994
3149513 3190992
3149513 3190988
3149513 3190986
3149512 3190986
3149512 3190983
3149512 3190981
3149511 3190979
3149511 3190977
3149512 3190976
3149510 3190976
3149510 3190972
3149510 3190972
3149511 3190972
3149511 3190971
3149510 3190970
3149509 3190968
3149508 3190968
3149509 3190966
3149509 3190967
3149509 3190965
3149509 3190964
3149508 3190964
3149509 3190962
3149509 3190963
3149509 3190962
3149508 3190963
3149510 3190962
3149509 3190962
3149509 3190961
3149509 3190961
3149509 3190960
3149509 3190961
3149508 3190960
3149509 3190960
3149508 3190960
3149508 3190959
3149509 3190958
3149507 3190957
3149508 3190956
3149508 3190957
3149507 3190957
3149508 3190955
3149507 3190955
3149508 3190955
3149508 3190953
3149508 3190953
3149508 3190953
3149507 3190953
3149508 3190953
3149508 3190952
3149508 3190954
3149508 3190953
3149508 3190952
3149508 3190952
3149507 3190954
3149507 3190953
3149508 3190953
3149508 3190952
3149508 3190954
3149508 3190953
3149507 3190954
3149507 3190955
3149508 3190954
3149509 3190956
3149509 3190955
3149508 3190954
3149508 3190956
3149509 3190957
3149507 3190956
3149508 3190957
3149508 3190957
3149509 3190959
3149509 3190958
3149508 3190959
3149509 3190958
3149509 3190959
3149508 3190961
3149508 3190959
3149508 3190960
3149509 3190960
3149510 3190961
3149508 3190960
3149509 3190961
3149509 3190963
3149509 3190963
3149508 3190963
3149509 3190963
3149509 3190964
3149510 3190962
3149510 3190964
3149509 3190964
3149510 3190964
3190966 3149509
3149509 3190964
3149510 3190966
3149510 3190966
3149510 3190968
3149510 3190969
3149511 3190969
3149511 3190970
3149511 3190971
3149510 3190970
3149511 3190970
3149510 3190972
3149511 3190971
3149510 3190974
3149511 3190973
3149511 3190975
3149511 3190974
3149511 3190974
3149510 3190976
3149511 3190976
3149512 3190976
3149512 3190976
3149511 3190978
3149511 3190977
3149512 3190980
3149512 3190979
3149511 3190979
3149512 3190980
3149512 3190980
3149513 3190981
3149511 3190983
3149512 3190983
3149513 3190984
3149512 3190984
3149512 3190984
3149512 3190982
3149512 3190983
3149513 3190982
3149512 3190978
3149510 3190977
3149510 3190974
3149510 3190974
3149511 3190973
3149510 3190970
3149509 3190971
3149508 3190969
3149510 3190969
3149510 3190969
3149510 3190966
3149509 3190967
3149510 3190965
3149510 3190965
3149509 3190965
3149510 3190966
3149509 3190964
3149508 3190965
3149509 3190962
3149509 3190962
3149508 3190961
3149509 3190961
3149508 3190961
3149508 3190961
3149508 3190961
3149510 3190962
3149508 3190961
3149508 3190961
3149508 3190961
3149507 3190961
3149509 3190962
3149509 3190959
3149509 3190960
3149509 3190960
3149508 3190959
3149509 3190958
3149509 3190959
3149507 3190958
3149509 3190957
3149507 3190957
3149508 3190957
3149507 3190957
3149508 3190956
3149508 3190957
3149508 3190957
3149507 3190957
3149507 3190956
3149508 3190956
3149507 3190956
3149507 3190957
3149508 3190957
3149509 3190955
3149507 3190957
3149508 3190958
3149508 3190956
3149509 3190957
3149507 3190958
3149507 3190959
3149508 3190957
3149508 3190957
3149509 3190959
3149509 3190961
3190960 3149509
3149509 3190962
3149508 3190960
3149508 3190962
3149509 3190961
3149509 3190963
3149509 3190962
3149509 3190961
3149509 3190963
3149509 3190963
3149509 3190964
3149509 3190964
3149509 3190965
3149509 3190965
3149510 3190965
3149510 3190966
3149509 3190966
3149508 3190967
3149510 3190967
3149509 3190966
3149509 3190968
3149509 3190969
3149509 3190969
3149510 3190969
3149509 3190971
3149510 3190970
3149510 3190970
3149509 3190971
3149511 3190971
3149511 3190970
3149510 3190971
3149510 3190971
3149510 3190974
3149510 3190974
3149511 3190975
3149509 3190974
3149512 3190975
3149512 3190975
3149511 3190978
3149511 3190978
3149511 3190978
3149512 3190979
3149511 3190981
3149511 3190979
3149511 3190980
3149511 3190982
3149513 3190982
3149512 3190983
3149513 3190983
3149512 3190984
3149512 3190984
3149512 3190983
3149511 3190983
3149511 3190980
3149511 3190980
3149511 3190979
3149511 3190976
3149510 3190975
3149510 3190975
3149511 3190975
3149510 3190975
3149510 3190974
3149510 3190973
3149511 3190972
3149509 3190972
3149511 3190972
3149510 3190972
3149509 3190971
3149509 3190972
3149510 3190970
3149510 3190971
3149509 3190972
3149510 3190971
3149509 3190973
3149509 3190970
3149510 3190972
3149510 3190970
3149510 3190972
3149510 3190971
3149510 3190972
3149511 3190973
3149510 3190971
3149511 3190973
3149510 3190972
3149511 3190972
3149511 3190973
3149512 3190973
3149510 3190972
3149510 3190972
3149510 3190972
3149510 3190970
3149511 3190972
3149510 3190972
3149510 3190971
3149511 3190971
3149510 3190970
3149510 3190971
3149510 3190972
3149510 3190972
3149511 3190973
3149509 3190972
3149510 3190972
3149509 3190973
3149511 3190974
3149510 3190974
3149511 3190974
3149510 3190974
3149510 3190974
3149511 3190974
3149511 3190975
3149510 3190974
3149511 3190976
3149511 3190977
3149512 3190976
3149511 3190975
3149511 3190977
3149511 3190977
3149510 3190978
3149512 3190977
3149511 3190979
3149511 3190978
3149512 3190979
3149511 3190981
3149512 3190981
3149513 3190983
3149512 3190983
3149512 3190981
3149512 3190983
3149512 3190982
3149511 3190982
3149512 3190982
3149512 3190985
3149512 3190984
3149512 3190985
3149512 3190985
3149513 3190987
3149513 3190986
3149513 3190985
3149513 3190986
3149513 3190987
3149514 3190986
3149513 3190988
3149513 3190986
3149513 3190986
3149513 3190988
3149513 3190987
3149513 3190989
3149514 3190990
3149514 3190989
3149514 3190990
3149513 3190990
3149514 3190990
3149514 3190991
3149513 3190994
3149514 3190994
3149515 3190994
3149514 3190993
3149513 3190993
3149514 3190990
3149514 3190990
3149513 3190988
3149514 3190987
3149512 3190985
3149512 3190984
3149511 3190981
3149511 3190982
3149511 3190980
3149512 3190979
3149513 3190978
3149513 3190977
3149513 3190977
3149511 3190976
3149513 3190976
3149511 3190974
3149511 3190975
3149512 3190974
3149512 3190974
3149511 3190973
3149511 3190972
3149511 3190973
3149511 3190973
3149512 3190971
3149510 3190971
3149511 3190971
3149510 3190970
3149510 3190972
3149511 3190971
3149511 3190970
3149511 3190971
3149511 3190970
3149511 3190969
3149511 3190971
3149511 3190970
3149510 3190968
3149511 3190969
3149512 3190968
3149510 3190969
3149510 3190968
3149512 3190970
3149511 3190969
3149512 3190969
3149511 3190970
3149510 3190967
3149511 3190966
3149511 3190969
3149511 3190967
3149511 3190968
3149510 3190968
3149511 3190968
3149511 3190968
3149511 3190967
3149511 3190968
3149511 3190968
3149510 3190969
3149512 3190966
3149511 3190970
3149511 3190967
3149512 3190970
3149511 3190968
3149512 3190968
3149512 3190970
3149511 3190970
3149512 3190969
3149513 3190971
3149512 3190970
3149512 3190970
3149513 3190970
3149512 3190971
3149513 3190972
3149512 3190973
3149513 3190972
3149513 3190974
3149513 3190973
3149513 3190975
3149513 3190974
3149513 3190975
3149512 3190975
3149512 3190974
3149511 3190974
3149513 3190974
3149512 3190973
3149512 3190975
3149513 3190974
3149513 3190974
3149513 3190975
3149513 3190975
3149512 3190976
3149512 3190977
3149513 3190978
3149514 3190977
3149513 3190977
3149513 3190978
3149514 3190979
3149514 3190978
3149513 3190980
3149513 3190978
3149514 3190980
3149514 3190981
3149515 3190979
3149514 3190979
3149515 3190980
3149514 3190980
3149514 3190980
3149514 3190980
3149515 3190981
3149515 3190981
3149515 3190981
3149514 3190982
3149515 3190982
3149514 3190984
3149515 3190984
3149515 3190983
3149515 3190983
3149516 3190985
3149516 3190986
3149515 3190987
3149515 3190986
3149515 3190985
3149515 3190984
3149514 3190982
3149515 3190982
3149513 3190980
3149514 3190976
3149513 3190976
3149513 3190975
3149513 3190972
3149512 3190971
3149512 3190972
3149512 3190971
3149511 3190970
3149513 3190967
3149512 3190968
3149512 3190966
3149512 3190965
3149511 3190966
3149511 3190964
3149512 3190964
3149511 3190962
3149511 3190962
3149511 3190963
3149511 3190963
3149511 3190962
3149511 3190961
3149511 3190961
3149511 3190959
3149511 3190961
3149511 3190959
3149511 3190959
3149511 3190959
3149511 3190959
3149510 3190960
3149511 3190958
3149512 3190958
3149512 3190958
3149511 3190957
3149511 3190956
3149510 3190956
3149511 3190953
3149511 3190955
3149511 3190954
3149510 3190951
3149511 3190953
3149511 3190952
3149511 3190953
3149510 3190952
3149510 3190951
3149510 3190950
3149511 3190950
3149510 3190949
3149509 3190950
3149511 3190950
3149511 3190950
3149511 3190950
3149511 3190950
3149511 3190951
3149510 3190950
3149511 3190951
3149511 3190952
3149511 3190952
3149511 3190950
3149511 3190952
3149510 3190952
3149511 3190953
3149511 3190952
3149511 3190952
3149511 3190951
3149512 3190954
3149512 3190953
3149511 3190952
3149511 3190953
3149511 3190953
3149512 3190953
3149511 3190953
3149512 3190953
3149511 3190952
3149512 3190953
3149512 3190953
3149512 3190954
3149512 3190954
3149511 3190954
3149512 3190954
3149512 3190954
3149511 3190956
3149511 3190956
3149511 3190955
3149511 3190956
3149511 3190958
3149512 3190957
3149512 3190958
3149512 3190956
3149513 3190956
3149512 3190957
3149512 3190958
3149512 3190958
3149512 3190957
3149513 3190958
3149512 3190959
3149514 3190958
3149512 3190960
3149513 3190960
3149513 3190961
3149512 3190961
3149514 3190961
3149513 3190962
3149513 3190962
3149513 3190962
3149513 3190963
3149513 3190963
3149513 3190963
3149514 3190963
3149514 3190964
3149513 3190964
3149513 3190963
3149514 3190964
3149515 3190965
3149514 3190965
3149514 3190966
3149514 3190966
3149514 3190967
3149513 3190966
3190966 3149514
3149513 3190966
3149514 3190964
3149513 3190962
3149513 3190960
3149512 3190957
3149513 3190957
3149512 3190954
3149511 3190952
3149511 3190950
3149511 3190950
3149511 3190947
3149511 3190948
3149511 3190945
3149510 3190946
3149510 3190945
3149510 3190944
3149509 3190943
3149511 3190942
3149510 3190940
3149511 3190940
3149509 3190939
3149509 3190938
3149510 3190939
3149511 3190937
3149509 3190938
3149509 3190937
3149509 3190936
3149509 3190937
3149510 3190934
3149509 3190936
3149509 3190936
3149509 3190936
3149510 3190936
3149509 3190935
3149509 3190933
3149509 3190932
3149509 3190933
3149509 3190931
3149508 3190933
3149508 3190931
3149508 3190931
3149508 3190930
3149508 3190927
3149509 3190927
3149509 3190927
3149509 3190927
3149508 3190927
3149507 3190927
3149508 3190926
3149508 3190926
3149507 3190926
3149508 3190925
3149508 3190926
3149508 3190924
3149508 3190925
3149507 3190925
3149508 3190924
3149508 3190923
3149508 3190926
3149508 3190925
3149507 3190927
3149508 3190924
3149507 3190926
3149508 3190927
3149508 3190927
3149509 3190927
3149509 3190925
3149508 3190927
3149508 3190926
3149508 3190928
3149508 3190926
3149509 3190926
3149509 3190926
3149509 3190928
3149508 3190929
3149508 3190929
3149510 3190928
3149509 3190928
3149509 3190929
3149510 3190930
3149508 3190928
3149508 3190930
3149509 3190930
3149509 3190929
3149508 3190929
3149508 3190931
3149509 3190929
3149508 3190930
3149508 3190931
3149508 3190933
3149509 3190932
3149510 3190933
3149509 3190932
3149510 3190933
3149510 3190931
3149509 3190932
3149510 3190934
3149510 3190934
3149510 3190935
3190934 3149511
3149509 3190935
3149510 3190933
3149510 3190935
3149510 3190938
3149510 3190937
3149510 3190937
3149509 3190939
3149510 3190940
3149510 3190941
3149510 3190940
3149511 3190941
3149511 3190941
3149510 3190941
3149510 3190939
3149509 3190938
3149509 3190937
3149510 3190934
3149508 3190933
3149507 3190931
3149509 3190931
3149507 3190929
3149508 3190928
3149507 3190925
3149508 3190926
3149508 3190925
3149507 3190925
3149508 3190924
3149505 3190923
3149507 3190924
3149508 3190924
3149507 3190923
3149507 3190922
3149508 3190920
3149508 3190921
3149507 3190920
3149508 3190921
3149507 3190922
3149509 3190921
3149508 3190920
3149507 3190920
3149507 3190920
3149507 3190921
3149507 3190919
3149507 3190921
3149507 3190920
3149507 3190922
3149508 3190919
3149507 3190921
3149507 3190921
3149507 3190919
3149506 3190920
3149506 3190918
3149507 3190921
3149507 3190919
3149507 3190919
3149507 3190920
3149507 3190918
3149506 3190919
3149507 3190918
3149507 3190920
3149507 3190918
3149506 3190919
3149507 3190917
3149507 3190918
3149506 3190919
3149507 3190919
3149507 3190920
3149507 3190920
3149506 3190922
3149507 3190920
3149507 3190920
3149508 3190921
3149508 3190922
3149508 3190923
3149508 3190923
3149507 3190923
3149508 3190925
3149507 3190923
3149509 3190925
3149507 3190924
3149508 3190926
3149508 3190926
3149509 3190925
3149507 3190925
3149508 3190925
3149509 3190926
3149509 3190926
3149508 3190927
3149509 3190927
3149508 3190926
3149509 3190929
3149509 3190928
3149508 3190930
3149509 3190930
3149510 3190932
3149509 3190932
3149507 3190932
3149509 3190931
3149508 3190932
3190933 3149509
3149509 3190933
3149509 3190934
3149508 3190934
3149509 3190935
3149510 3190934
3149509 3190934
3149510 3190936
3149509 3190936
3149511 3190937
3149511 3190938
3149511 3190937
3149510 3190938
3149510 3190939
3149509 3190939
3149510 3190940
3149510 3190940
3149510 3190941
3149511 3190941
3149511 3190940
3149510 3190943
3149511 3190940
3149511 3190937
3149510 3190937
3149509 3190936
3149510 3190933
3149508 3190932
3149509 3190930
3149507 3190929
3149508 3190926
3149509 3190926
3149508 3190924
3149507 3190924
3149507 3190926
3149506 3190922
3149507 3190921
3149507 3190920
3149508 3190921
3149507 3190920
3149507 3190921
3149507 3190919
3149506 3190919
3149507 3190918
3149506 3190918
3149506 3190917
3149506 3190917
3149507 3190916
3149506 3190916
3149507 3190917
3149507 3190916
3149506 3190916
3149507 3190917
3149506 3190916
3149507 3190917
3149507 3190917
3149506 3190917
3149506 3190917
3149507 3190916
3149507 3190916
3149506 3190915
3149506 3190915
3149507 3190915
3149506 3190915
3149506 3190916
3149506 3190914
3149506 3190916
3149506 3190913
3149506 3190916
3149507 3190914
3149506 3190916
3149506 3190915
3149506 3190915
3149507 3190915
3149507 3190917
3149505 3190917
3149506 3190917
3149507 3190917
3149507 3190919
3149506 3190919
3149507 3190919
3149505 3190918
3149507 3190920
3149507 3190919
3149507 3190920
3149507 3190921
3149506 3190920
3149507 3190922
3149507 3190922
3149508 3190923
3149507 3190924
3149506 3190924
3149508 3190924
3149508 3190925
3149507 3190927
3149508 3190924
3149508 3190926
3149508 3190927
3149509 3190928
3149508 3190929
3149509 3190928
3190930 3149509
3149507 3190929
3149509 3190930
3149509 3190929
3149508 3190931
3149509 3190932
3149508 3190932
3149508 3190933
3149509 3190934
3149508 3190933
3149509 3190934
3149509 3190934
3149508 3190937
3149509 3190936
3149509 3190937
3149509 3190937
3149509 3190938
3149509 3190938
3149510 3190939
3149509 3190939
3149510 3190938
3149509 3190939
3149508 3190940
3149510 3190941
3149510 3190941
3149510 3190941
3149511 3190943
3149511 3190943
3149510 3190943
3149511 3190944
3149510 3190945
3149511 3190946
3149511 3190945
3149511 3190947
3149511 3190947
3149511 3190947
3149511 3190948
3149512 3190950
3149512 3190949
3149512 3190948
3149512 3190950
3149511 3190948
3149510 3190948
3149510 3190945
3149511 3190944
3149509 3190942
3149509 3190941
3149508 3190940
3149509 3190937
3149509 3190936
3149508 3190936
3149509 3190935
3149507 3190933
3149509 3190934
3149508 3190933
3149508 3190932
3149507 3190932
3149508 3190930
3149507 3190930
3149508 3190929
3149507 3190929
3149507 3190929
3149506 3190926
3149509 3190929
3149507 3190928
3149508 3190928
3149508 3190927
3149507 3190928
3149508 3190927
3149507 3190928
3149508 3190927
3149507 3190928
3149508 3190929
3149508 3190929
3149508 3190927
3149507 3190928
3149508 3190928
3149506 3190928
3149507 3190928
3149506 3190928
3149507 3190927
3149507 3190927
3149507 3190926
3149507 3190926
3149507 3190925
3149508 3190926
3149507 3190926
3149507 3190926
3149508 3190925
3149507 3190926
3149507 3190928
3149507 3190927
3149507 3190928
3149508 3190927
3149508 3190926
3149506 3190929
3149509 3190930
3149507 3190930
3149507 3190930
3149507 3190931
3149508 3190929
3149507 3190933
3149507 3190931
3149507 3190932
3149507 3190932
3149507 3190932
3149507 3190933
3149509 3190935
3149508 3190934
3149508 3190934
3149509 3190936
3149508 3190932
3149508 3190934
3149509 3190934
3149508 3190935
3149509 3190936
3149509 3190936
3149509 3190935
3149509 3190936
3149509 3190937
3149509 3190937
3149509 3190937
3149509 3190937
3149509 3190939
3149509 3190938
3149510 3190940
3149509 3190939
3149509 3190939
3149509 3190940
3149509 3190941
3149509 3190941
3149510 3190941
3149509 3190941
3149510 3190942
3149511 3190943
3149510 3190945
3149509 3190945
3149511 3190945
3149511 3190944
3149509 3190946
3149509 3190946
3149510 3190946
3149510 3190948
3149510 3190947
3149510 3190948
3149510 3190947
3149510 3190948
3149512 3190948
3149511 3190949
3149511 3190950
3149511 3190951
3149511 3190950
3149510 3190951
3149511 3190951
3149511 3190951
3149511 3190952
3149512 3190952
3149512 3190954
3149512 3190954
3149512 3190954
3149512 3190955
3149513 3190957
3149512 3190956
3149513 3190956
3149512 3190956
3149513 3190956
3149513 3190959
3149511 3190957
3149512 3190955
3149512 3190954
3149511 3190952
3149510 3190949
3149512 3190948
3149511 3190944
3149511 3190944
3149509 3190942
3149510 3190943
3149509 3190942
3149509 3190942
3149510 3190940
3149509 3190940
3149509 3190939
3149509 3190939
3149509 3190935
3149509 3190936
3149509 3190936
3149508 3190936
3149509 3190934
3149508 3190936
3149508 3190933
3149508 3190933
3149508 3190934
3149508 3190932
3149509 3190932
3149508 3190932
3149509 3190933
3149509 3190931
3149509 3190933
3149508 3190931
3149509 3190932
3149508 3190932
3149509 3190931
3149509 3190930
3149509 3190929
3149509 3190930
3149508 3190929
3149509 3190930
3149508 3190928
3149508 3190926
3149508 3190928
3149508 3190927
3149507 3190926
3149508 3190926
3149508 3190927
3149508 3190927
3149508 3190925
3149509 3190927
3149508 3190927
3149508 3190926
3149509 3190927
3149509 3190926
3149508 3190927
3149509 3190926
3149507 3190925
3149510 3190925
3149507 3190926
3149508 3190927
3149508 3190928
3149508 3190926
3149509 3190929
3149506 3190928
3149508 3190928
3149508 3190930
3149508 3190929
3149508 3190929
3149509 3190929
3149509 3190931
3149509 3190930
3149509 3190929
3149509 3190930
3149510 3190932
3149509 3190931
3149509 3190932
3149510 3190931
3149509 3190932
3149510 3190932
3149509 3190933
3149508 3190934
3149510 3190933
3149509 3190933
3149510 3190934
3149509 3190934
3149510 3190935
3149510 3190936
3149510 3190936
3149510 3190936
3149509 3190935
3149510 3190936
3149510 3190938
3149510 3190938
3149509 3190938
3149510 3190936
3149510 3190937
3149510 3190938
3149510 3190938
3149512 3190939
3149511 3190940
3149511 3190941
3149511 3190940
3149510 3190941
3149510 3190940
3149511 3190942
3149510 3190943
3149511 3190942
3149511 3190942
3149511 3190943
3149512 3190943
3149512 3190944
3149512 3190946
3149512 3190946
3149511 3190947
3149511 3190946
3149512 3190946
3149512 3190947
3149513 3190948
3149512 3190949
3149512 3190949
3149512 3190950
3149512 3190951
3149513 3190949
3149512 3190950
3149513 3190950
3149512 3190949
3149511 3190949
3149511 3190946
3149512 3190946
3149511 3190942
3149512 3190939
3149510 3190938
3149510 3190936
3149510 3190935
3149510 3190933
3149510 3190933
3149510 3190933
3149510 3190933
3149510 3190933
3149510 3190933
3149510 3190933
3149510 3190933
3149510 3190933
3149510 3190933
3149510 3190933
3149510 3190933
3149510 3190933
3149510 3190933
3149510 3190933
3149510 3190933
3149510 3190933
3149510 3190933
3149510 3190933
3149510 3190933
3149510 3190933
3149510 3190933
3149510 3190933
3149510 3190933
3149510 3190933
3149510 3190933
3149510 3190933
3149510 3190933
3149510 3190933
3149510 3190933
3149510 3190933
3149510 3190933
3149510 3190933
3149510 3190933
3149510 3190933
3149510 3190933
3149510 3190933
3149510 3190933
3149510 3190933
3149510 3190933
3149510 3190933
3149510 3190933
3149510 3190933
3149510 3190933
3149510 3190933
3149510 3190933
3149510 3190933
3149510 3190933
3190933 3149509
3190933 3149509
3190933 3149509
3190933 3149509
3190933 3149509
3190933 3149509
3190933 3149509
3190933 3149509
3190933 3149509
3190933 3149509
3190933 3149509
3190933 3149509
3190933 3149509
3190933 3149509
3190933 3149509
3190933 3149509
3190933 3149509
3190933 3149509
3190933 3149509
3190933 3149509
3190933 3149509
3190933 3149509
3190933 3149509
3190933 3149509
3190933 3149509
3190933 3149509
3190933 3149509
3190933 3149509
3190933 3149509
3190933 3149509
3190933 3149509
3190933 3149509
3190933 3149509
3190933 3149509
3190933 3149509
3190933 3149509
3190933 3149509
3190933 3149509
3190933 3149509
3190933 3149509
3190933 3149509
3190933 3190932
3149509 3190931
3149509 3190930
3149509 3190930
3149509 3190929
3149509 3190929
3149509 3190928
3149508 3190927
3149508 3190926
3149509 3190925
3149510 3190927
3149509 3190925
3149509 3190924
3149507 3190924
3149509 3190923
3149508 3190924
3149508 3190923
3149508 3190923
3149508 3190923
3149508 3190923
3149508 3190923
3149508 3190923
3149508 3190923
3149508 3190923
3149508 3190923
3149508 3190923
3149508 3190923
3149508 3190923
3149508 3190923
3149508 3190923
3149508 3190923
3149508 3190923
3149508 3190923
3149508 3190923
3149508 3190923
3149508 3190923
3149508 3190923
3149508 3190923
3149508 3190923
3149508 3190923
3149508 3190923
3149508 3190923
3149508 3190923
3149508 3190923
3149508 3190923
3149508 3190923
3149508 3190923
3149508 3190923
3149508 3190923
3149508 3190923
3149508 3190923
3149508 3190923
3149508 3190923
3149508 3190923
3149508 3190923
3149508 3190923
3149508 3190923
3149508 3190923
3149508 3190923
3149508 3190923
3149508 3190923
3149508 3190923
3149508 3190923
3149508 3190923
3149508 3190923
3149508 3190923
3149508 3190923
3149508 3190923
3149508 3190923
3149509 3190922
3149508 3190924
3149509 3190923
3149508 3190923
3149509 3190920
3149508 3190923
3149509 3190922
3149508 3190922
3149509 3190923
3149509 3190923
3149508 3190921
3149508 3190921
3149508 3190920
3149507 3190922
3149507 3190922
3149507 3190922
3149507 3190922
3149507 3190922
3149507 3190922
3149507 3190922
3149507 3190922
3149507 3190922
3149507 3190922
3149507 3190922
3149507 3190922
3149507 3190922
3149507 3190922
3149507 3190922
3149507 3190922
3149507 3190922
3149507 3190922
3149507 3190922
3149507 3190922
3149507 3190922
3149507 3190922
3149507 3190922
3149507 3190922
3149507 3190922
3149507 3190922
3149507 3190922
3149507 3190922
3149507 3190922
3149507 3190922
3149507 3190922
3149507 3190922
3149507 3190922
3149507 3190922
3149507 3190922
3149507 3190922
3149507 3190922
3149507 3190922
3149507 3190922
3149507 3190922
3149507 3190922
3149507 3190922
3149507 3190922
3149507 3190922
3149507 3190922
3149507 3190922
3149507 3190922
3149507 3190922
3149507 3190922
3149507 3190922
3149507 3190922
3149507 3190922
3149507 3190922
3149507 3190919
3149508 3190921
3149507 3190920
3149508 3190919
3149507 3190918
3149508 3190918
3149508 3190917
3149507 3190917
3149507 3190917
3149509 3190919
3149507 3190918
3149507 3190917
3149508 3190917
3149508 3190917
3149507 3190917
3149508 3190917
3149508 3190918
3149508 3190918
3149508 3190918
3149508 3190918
3149508 3190918
3149508 3190918
3149508 3190918
3149508 3190918
3149508 3190918
3149508 3190918
3149508 3190918
3149508 3190918
3149508 3190918
3149508 3190918
3149508 3190918
3149508 3190918
3149508 3190918
3149508 3190918
3149508 3190918
3149508 3190918
3149508 3190918
3149508 3190918
3149508 3190918
3149508 3190918
3149508 3190918
3149508 3190918
3149508 3190918
3149508 3190918
3149508 3190918
3149508 3190918
3149508 3190918
3149508 3190918
3149508 3190918
3149508 3190918
3149508 3190918
3149508 3190918
3149508 3190918
3149508 3190918
3149508 3190918
3149508 3190918
3149508 3190918
3149508 3190918
3149508 3190918
3149508 3190918
3149508 3190918
3149508 3190918
3149508 3190918
3149508 3190918
3190919 3149508
3149507 3190919
3149509 3190919
3149509 3190918
3149509 3190920
3149508 3190920
3149508 3190919
3149508 3190920
3149509 3190919
3149510 3190919
3149509 3190920
3149509 3190920
3149509 3190921
3149509 3190923
3149509 3190921
3149509 3190921
3149509 3190923
3149509 3190922
3149509 3190922
3149510 3190922
3149510 3190923
3149510 3190923
3149509 3190924
3149510 3190925
3149509 3190925
3149509 3190925
3149509 3190923
3149509 3190925
3149509 3190926
3149510 3190925
3149508 3190927
3149508 3190926
3149510 3190926
3149510 3190927
3149510 3190926
3149509 3190928
3149509 3190929
3149509 3190930
3149509 3190928
3149509 3190931
3149510 3190930
3149510 3190931
3149511 3190931
3149510 3190931
3149510 3190931
3149511 3190933
3149510 3190932
3149510 3190932
3149511 3190933
3149512 3190934
3149510 3190935
3149510 3190934
3149510 3190934
3149512 3190934
3149511 3190934
3149511 3190935
3149512 3190936
3149511 3190937
3149512 3190936
3149511 3190937
3149511 3190938
3149512 3190938
3149512 3190938
3149512 3190939
3149512 3190940
3149513 3190941
3149513 3190939
3149512 3190939
3149511 3190938
3149512 3190934
3149511 3190933
3149510 3190932
3149511 3190929
3149510 3190928
3149509 3190927
3149509 3190925
3149509 3190922
3149509 3190922
3149508 3190921
3149509 3190921
3149508 3190921
3149510 3190919
3149508 3190917
3149509 3190917
3149508 3190916
3149507 3190916
3149508 3190914
3149507 3190914
3149508 3190912
3149507 3190913
3149508 3190914
3149507 3190912
3149508 3190912
3149506 3190912
3149508 3190913
3149508 3190912
3149507 3190912
3149509 3190912
3149508 3190912
3149508 3190912
